18

// Quest 1
1
//	Conditio
0	1	3	0	0	10
//	Reward
1	1	0	0	0	2000
2	0	0	0	0	0	0
end

// Quest 2
2
//	Conditio
//	Reward
2	0	0	0	0	0	0
end




// Quest 3
4
//	Conditio
0	1	7	0	0	15
//	Reward
1	1	0	0	0	6000
2	0	0	0	0	0	0
end

// Quest 4
4
0	1	7	0	0	15
// Reward
1	1	0	0	0	6000
2	3	3	3	3	3	3
end

// Quest 5
5
0	1	6	0	0	15
// Reward
1	1	0	0	0	6000
2	3	3	3	3	3	3
end

// Quest 6
6
0	1	31	0	0	15
// Reward
1	1	0	0	0	6000
2	3	3	3	3	3	3
end

// Quest 7
7
0	1	421	0	0	15
// Reward
1	1	0	0	0	6000
2	3	3	3	3	3	3
end

// Quest 8 
8
2	3	3	3	3	3	3
end

// Quest 10
10
0	1	14	0	0	20
// Reward
1	1	0	0	0	10000
1	2	0	0	0	10000
2	9	9	9	9	9	9
end

// Quest 11
11
0	1	24	0	0	20
// Reward
1	1	0	0	0	10000
1	2	0	0	0	10000
2	9	9	9	9	9	9
end

// Quest 12
12
0	1	32	0	0	20
// Reward
1	1	0	0	0	10000
1	2	0	0	0	10000
2	9	9	9	9	9	9
end

// Quest 13
13
0	1	419	0	0	20
// Reward
1	1	0	0	0	10000
1	2	0	0	0	10000
2	9	9	9	9	9	9
end

// Quest 14 
14
2	9	9	9	9	9	9
end

// Quest 16
16
0	1	22	0	0	25
// Reward
1	1	0	0	0	14000
1	2	0	0	0	14000
2	15	15	15	15	15	15
end

// Quest 17
17
0	1	24	0	0	25
// Reward
1	1	0	0	0	14000
1	2	0	0	0	14000
2	15	15	15	15	15	15
end

// Quest 18 
18
2	15	15	15	15	15	15
end


// Quest 20
20
0	1	21	0	0	30
// Reward
1	1	0	0	0	21000
1	2	0	0	0	21000
2	19	19	19	19	19	19
end

// Quest 21
21
0	1	22	0	0	30
// Reward
1	1	0	0	0	21000
1	2	0	0	0	21000
2	19	19	19	19	19	19
end


// Quest 22 
22
2	19	19	19	19	19	19
end


// Quest 24
24
0	1	19	0	0	30
// Reward
1	1	0	0	0	28000
1	2	0	0	0	28000
2	23	23	23	23	23	23
end

// Quest 25
25
0	1	23	0	0	30
// Reward
1	1	0	0	0	28000
1	2	0	0	0	28000
2	23	23	23	23	23	23
end

// Quest 26
26
2	23	23	23	23	23	23
end

// Quest 28
28
0	1	17	0	0	40
// Reward
1	1	0	0	0	36000
1	2	0	0	0	36000
2	27	27	27	27	27	27
end

// Quest 29
29
0	1	12	0	0	40
// Reward
1	1	0	0	0	36000
1	2	0	0	0	36000
2	27	27	27	27	27	27
end

// Quest 30
30
2	27	27	27	27	27	27
end

// Quest 32
32
0	1	423	0	0	50
// Reward
1	1	0	0	0	38000
1	2	0	0	0	38000
2	31	31	31	31	31	31
end

// Quest 33
33
0	1	422	0	0	50
// Reward
1	1	0	0	0	38000
1	2	0	0	0	38000
2	31	31	31	31	31	31
end

// Quest 34
34
2	31	31	31	31	31	31
end


// Quest 36
36
0	1	5	0	0	50
// Reward
1	1	0	0	0	43000
1	2	0	0	0	43000
2	35	35	35	35	35	35
end

// Quest 37
37
0	1	17	0	0	50
// Reward
1	1	0	0	0	43000
1	2	0	0	0	43000
2	35	35	35	35	35	35
end

// Quest 38
38
2	35	35	35	35	35	35
end

// Quest 40
40
0	1	13	0	0	50
// Reward
1	1	0	0	0	50000
1	2	0	0	0	50000
2	39	39	39	39	39	39
end

// Quest 41
41
0	1	15	0	0	50
// Reward
1	1	0	0	0	50000
1	2	0	0	0	50000
2	39	39	39	39	39	39
end

// Quest 42
42
2	39	39	39	39	39	39
end

// Quest 44
44
0	1	9	0	0	50
// Reward
1	1	0	0	0	54000
1	2	0	0	0	54000
2	43	43	43	43	43	43
end

// Quest 45
45
0	1	5	0	0	50
// Reward
1	1	0	0	0	54000
1	2	0	0	0	54000
2	43	43	43	43	43	43
end

// Quest 46
46
2	43	43	43	43	43	43
end

// Quest 48
48
0	1	8	0	0	50
// Reward
1	1	0	0	0	60000
1	2	0	0	0	60000
2	47	47	47	47	47	47
end

// Quest 49
48
0	1	8	0	0	50
// Reward
1	1	0	0	0	60000
1	2	0	0	0	60000
2	47	47	47	47	47	47
end

// Quest 50
50
2	47	47	47	47	47	47
end

// Quest 52
52
0	1	10	0	0	50
// Reward
1	1	0	0	0	66000
1	2	0	0	0	66000
2	51	51	51	51	51	51
end

// Quest 53
53
0	1	9	0	0	50
// Reward
1	1	0	0	0	66000
1	2	0	0	0	66000
2	51	51	51	51	51	51
end

// Quest 54
54
2	51	51	51	51	51	51
end

end