0 0    2 235        "EmperorScroll" 
1    14 23 0 1    45 60 1000 200    0 10 0      52  54  55  56    1 1 1 0 0 1 0
1    14 23 0 1    45 60 1000 200    0 10 1      52  54  55  56    0 0 0 1 1 0 1
end 


1 0 
 1  0    999 999 0    0 73 
-1 -1      0   0 0 1000000 51 
-1 -1    150   0 0    0 50 
end 


0 1    2 235        "ClassChange" 
1    14 24 0 1    62 76 1000 201    0 10 0      60  61  62  72    0 1 0 0 0 0 0
1    14 25 0 1    62 76 1000 201    0 10 0      64  65  66  72    0 0 1 0 0 0 0
1    14 26 0 1    62 76 1000 201    0 10 0      67  68  69  72    1 0 0 0 0 0 0
1    14 68 0 1    62 76 1000 201    0 10 0      67  68  69  72	0 0 0 0 0 1 0
end 


1 1 
-1  0      0   0 0 2000000 71 
end 


0 2    2 229        "HeroStatus" 
1    14 23 1 1    72 108 1000 202    0 0 0     102 105 108 113    2 0 2 0 0 2 0
1    14 23 1 1    72 108 1000 202    0 0 0     102 105 130 142    0 2 0 0 0 0 0
end 


1 2 
-1 -1    220   0 0    0 100 
-1  1      0   0 0    0 116 
-1 -1      0   0 0 3000000 118 
end 


0 3    2 229        "DarkStone" 
1    14 24 1 1    72 108 1000 203    0 0 0     135 138 139 113    0 2 0 0 0 0 0
end 


1 3 
-1 -1    220   0 0    0 115 
-1  2      0   0 0    0 117 
-1 -1      0   0 0 2000000 119 
end

0 4    2 406        "Certificate of Strength" 
1    14 65 0 1    -1 63  1000 200    0 0	 3	147  152  154  155    2 2 2 0 0 2 0
1    14 66 0 1    -1 309 1000 200    0 0	 1	147  152  154  155    2 2 2 0 0 2 0
1    14 67 0 1    -1 77  1000 200    0 20 1	147  152  154  155    2 2 2 0 0 2 0
1    14 65 0 1    -1 63  1000 200    0 0	 3	147  152  154  155    0 0 0 1 1 0 1
1    14 66 0 1    -1 309 1000 200    0 0	 0	147  152  154  155    0 0 0 1 1 0 1
1    14 67 0 1    -1 77  1000 200    0 20 0	147  152  154  155    0 0 0 1 1 0 1
end

1 4
-1  -1   380   0 0 0       144
1    2   0     0 0 0       166
2    3   0     0 0 0       166
3   -1   0     0 0 5000000 146
end

0 5    2 406        "Infiltration of Barracks of Ballgass" 
2    409 0 0 20    0 0 0 200    0 0 1      158  162  164  165    2 2 2 1 1 2 1
2    410 0 0 20    0 0 0 200    0 0 0      158  162  164  165    2 2 2 1 1 2 1
2    411 0 0 20    0 0 0 200    0 20 0     158  162  164  165    2 2 2 1 1 2 1
end


1 5
-1 -1	400 0 0 0 144
-1  4	0   0 0 0 145
1  -1   0   0 0 7000000 157
end

0 6    2 406        "Into The Darkness" 
2    412    0    0    1    -1    412    0    204    200    30    0    168    172    173    174    2 2 2 1 1 2 1
end 


1 6
-1 -1	400 0 0 0 144
-1  5	0   0 0 0 145
-1 -1   0   0 0 10000000 167
end