////////////////////////////////////////////////////////////////////////////////
// ItemAddOption.txt
// 
// 
// 
////////////////////////////////////////////////////////////////////////////////
0
//Type	Index	Option1	Value1	Option2	Value2	Time
0	22	2	200	1	10	0
0	23	2	200	1	10	0
0	35	2	200	1	10	0
2	14	2	200	1	10	0
4	21	2	200	1	10	0
5	12	2	200	1	10	0
5	19	2	200	1	10	0
7	29	8	20	3	10	0
7	30	8	20	3	10	0
7	31	8	20	3	10	0
7	33	8	20	3	10	0
7	43	8	20	3	10	0
7	73	8	20	3	10	0
8	29	7	0	3	10	0
8	30	7	0	3	10	0
8	31	7	0	3	10	0
8	32	7	0	3	10	0
8	33	7	0	3	10	0
8	43	7	0	3	10	0
8	73	7	0	3	10	0
9	29	4	200	3	10	0
9	30	4	200	3	10	0
9	31	4	200	3	10	0
9	32	4	200	3	10	0
9	33	4	200	3	10	0
9	43	4	200	3	10	0
9	73	4	200	3	10	0
10	29	5	200	3	10	0
10	30	5	200	3	10	0
10	31	5	200	3	10	0
10	32	5	200	3	10	0
10	33	5	200	3	10	0
10	43	5	200	3	10	0
11	29	6	700	3	10	0
11	30	6	700	3	10	0
11	31	6	700	3	10	0
11	32	6	700	3	10	0
11	33	6	700	3	10	0
11	43	6	700	3	10	0
11	73	6	700	3	10	0
end
//-----------------------------------------------------------
1
//Type	Index	Option1	Value1	Option2	Value2	Time
14	46	1	10	0	10	1800
14	47	2	25	0	10	1800
14	48	3	100	0	10	1800
14	49	4	500	0	10	1800
14	50	5	500	0	10	1800
end
//-----------------------------------------------------------
2
//Type	Index	Option1	Value1	Option2	Value2	Time
13	43	6	200	0	0	1800
13	44	6	200	7	150	1800
13	45	8	0	0	0	1800
13	59	16	0	0	0	1800
13	93	6	150	0	0	1800
13	94	6	200	7	150	1800
13	128	55	10	0	0	-10
13	129	56	10	0	0	-10
13	130	4	50	0	0	-10
13	131	5	50	0	0	-10
13	132	4	100	70	500	-10
13	133	5	150	69	50	-10
13	134	7	115	0	0	-10
end
//-----------------------------------------------------------
4
//Type	Index	Option1	Value1	Option2	Value2	Time


14	97	55	30	0	0	1800
14	98	56	30	0	0	1800
end
//-----------------------------------------------------------
72
14	77	5	300	0	0	0
end
68
14	73	3	60	0	0	0
end
71
14	76	4	200	0	0	0
end
67
14	72	1	15	0	0	0
end
69
14	74	14	30	0	0	0
end
70
14	75	15	30	0	0	0
end


5
//Type	Index	Option1	Value1	Option2	Value2	Time
14	78	9	500	0	0	36000
14	79	10	500	0	0	36000
14	80	11	500	0	0	36000
14	81	12	500	0	0	36000
14	82	13	500	0	0	36000
end

//-----------------------------------------------------------
6
//Type	Index	Option1	Value1	Option2	Value2	Time
14	85	5	700	0	10	1800
14	86	4	700	0	10	1800
14	87	2	40	0	10	1800
end

//-----------------------------------------------------------
8
//Type	Index	Option1	Value1	Option2	Value2	Time
13	64	51	40	1	10	0
13	65	52	30	4	50	0
end

//-----------------------------------------------------------
11
//#define 62  캐릭터사망시 아이템유지
13	81	8	0	62	0	1800
end

//-----------------------------------------------------------
12
//Type	Index	Option1	Value1	Option2	Value2	Time
13	82	63	0	0	0	1800
end

//-----------------------------------------------------------
13
//Type	Index	Option1	Value1	Option2	Value2	Time
13	96	2	50	3	60	1800
end

14
13	95	7	100	0	0	0
end
110
14 134 7 100 0 0 0
14 135 7 100 0 0 0
14 136 7 100 0 0 0
end
// Max AG Buff
58
13 104 66 1 0 0 1800
end
// Max SD Buff
59
13 105 67 10 0 0 1800
end
24
13	62	6	150	53	5	1800
13	63	6	150	54	5	1800
end