//===================================================================================
// zGameServer
// ----------------------------------------------------------------------------------
// Description: Item element configuration
// ----------------------------------------------------------------------------------
// Revision: 	0:08 16.02.2014
//===================================================================================

//=====================================
// Ertel options
//=====================================
0
// --------------------------------------------------------------------------------------------------------------------------------------------------------------------------------------------------------------------------------------------------------
//	ID	Index	Type	Rank	Option	Rate	OptType	Opt1	Opt2	Opt3	Opt4	Opt4	Opt6	Opt7	Opt8	Opt9	Opt10	Opt11	Rate1	Rate2	Rate3	Rate4	Rate5	Rate6	Rate7	Rate8	Rate9	Rate10	Rate11	EffectType
// --------------------------------------------------------------------------------------------------------------------------------------------------------------------------------------------------------------------------------------------------------
//-> Errtel of Anger	
	0	12	221	1 	1	10000	101	30	33	38	45	54	65	78	93	113	138	168	0	9000	8000	7000	7000	6000	6000	6000	5000	5000	5000	0	//-> Elemental Dmg
	10	12	221	2 	1	2000	111	5	6	7	8	9	10	12	14	16	18	20	0	9000	8000	7000	7000	6000	6000	6000	5000	5000	5000	1	//-> Attack Against Fire Element
	11	12	221	2 	2	2000	112	5	6	7	8	9	10	12	14	16	18	20	0	9000	8000	7000	7000	6000	6000	6000	5000	5000	5000	1	//-> Attack Against Water Element
	12	12	221	2 	3	2000	113	5	6	7	8	9	10	12	14	16	18	20	0	9000	8000	7000	7000	6000	6000	6000	5000	5000	5000	1	//-> Attack Against Earth Element
	13	12	221	2 	4	2000	114	5	6	7	8	9	10	12	14	16	18	20	0	9000	8000	7000	7000	6000	6000	6000	5000	5000	5000	1	//-> Attack Against Wind Element
	14	12	221	2 	5	2000	115	5	6	7	8	9	10	12	14	16	18	20	0	9000	8000	7000	7000	6000	6000	6000	5000	5000	5000	1	//-> Attack Against Dark Element
	20	12	221	3 	1	5000	121	30	35	43	54	66	80	97	117	142	172	207	0	9000	8000	7000	7000	6000	6000	6000	5000	5000	5000	0	//-> Elemental Attack Dmg (in PvP)
	21	12	221	3 	2	5000	122	30	35	43	54	66	80	97	117	142	172	207	0	9000	8000	7000	7000	6000	6000	6000	5000	5000	5000	0	//-> Elemental Attack Dmg (in Raids)
	30	12	221	4 	1	5000	131	30	35	43	54	66	80	97	117	142	172	207	0	9000	8000	7000	7000	6000	6000	6000	5000	5000	5000	0	//-> Ranged Elemental Attack Dmg (in PvP)
	31	12	221	4 	2	5000	132	30	35	43	54	66	80	97	117	142	172	207	0	9000	8000	7000	7000	6000	6000	6000	5000	5000	5000	0	//-> Melee Elemental Attack Dmg (in PvP)
	40	12	221	5 	1	5000	141	5	6	7	8	9	10	12	14	16	18	20	0	9000	8000	7000	7000	6000	6000	6000	5000	5000	5000	1	//-> Elemental Critical Rate (in PvP)
	41	12	221	5 	2	5000	142	5	6	7	8	9	10	12	14	16	18	20	0	9000	8000	7000	7000	6000	6000	6000	5000	5000	5000	1	//-> Elemental Critical Rate (in Raids)
//-> Errtel of Blessing
	50	12	231	1 	1	10000	201	10	13	17	22	28	35	43	52	62	73	85	0	9000	8000	7000	7000	6000	6000	6000	5000	5000	5000	0	//-> Elemental Defense
	60	12	231	2 	1	2000	211	5	6	7	8	9	10	12	14	16	18	20	0	9000	8000	7000	7000	6000	6000	6000	5000	5000	5000	1	//-> Defense Against Fire Element
	61	12	231	2 	2	2000	212	5	6	7	8	9	10	12	14	16	18	20	0	9000	8000	7000	7000	6000	6000	6000	5000	5000	5000	1	//-> Defense Against Water Element
	62	12	231	2 	3	2000	213	5	6	7	8	9	10	12	14	16	18	20	0	9000	8000	7000	7000	6000	6000	6000	5000	5000	5000	1	//-> Defense Against Earth Element
	63	12	231	2 	4	2000	214	5	6	7	8	9	10	12	14	16	18	20	0	9000	8000	7000	7000	6000	6000	6000	5000	5000	5000	1	//-> Defense Against Wind Element
	64	12	231	2 	5	2000	215	5	6	7	8	9	10	12	14	16	18	20	0	9000	8000	7000	7000	6000	6000	6000	5000	5000	5000	1	//-> Defense Against Dark Element
	70	12	231	3 	1	5000	221	10	13	17	22	28	35	43	52	62	73	85	0	9000	8000	7000	7000	6000	6000	6000	5000	5000	5000	0	//-> Elemental Defense (in PvP)
	71	12	231	3 	2	5000	222	10	13	17	22	28	35	43	52	62	73	85	0	9000	8000	7000	7000	6000	6000	6000	5000	5000	5000	0	//-> Elemental Defense (in Raids)
	80	12	231	4 	1	5000	231	10	13	17	22	28	35	43	52	62	73	85	0	9000	8000	7000	7000	6000	6000	6000	5000	5000	5000	0	//-> Ranged Elemental Defense (in PvP)
	81	12	231	4 	2	5000	232	10	13	17	22	28	35	43	52	62	73	85	0	9000	8000	7000	7000	6000	6000	6000	5000	5000	5000	0	//-> Melee Elemental Defense (in PvP)
	90	12	231	5 	1	5000	241	5	6	7	8	9	10	12	14	16	18	20	0	9000	8000	7000	7000	6000	6000	6000	5000	5000	5000	1	//-> Elemental Dmg (in PvP)
	91	12	231	5 	2	5000	242	5	6	7	8	9	10	12	14	16	18	20	0	9000	8000	7000	7000	6000	6000	6000	5000	5000	5000	1	//-> Elemental Dmg (in Raids)
//-> Errtel of Integrity
	100	12	241	1 	1	10000	301	5	6	7	8	9	10	12	14	16	18	20	0	8000	8000	7000	7000	6000	6000	5000	5000	4000	4000	1	//-> Elemental Attack Success Rate
	110	12	241	2 	1	2000	311	5	6	7	8	9	10	12	14	16	18	20	0	8000	8000	7000	7000	6000	6000	5000	5000	4000	4000	1	//-> Attack Against Fire Element
	111	12	241	2 	2	2000	312	5	6	7	8	9	10	12	14	16	18	20	0	8000	8000	7000	7000	6000	6000	5000	5000	4000	4000	1	//-> Attack Against Water Element
	112	12	241	2 	3	2000	313	5	6	7	8	9	10	12	14	16	18	20	0	8000	8000	7000	7000	6000	6000	5000	5000	4000	4000	1	//-> Attack Against Earth Element
	113	12	241	2 	4	2000	314	5	6	7	8	9	10	12	14	16	18	20	0	8000	8000	7000	7000	6000	6000	5000	5000	4000	4000	1	//-> Attack Against Wind Element
	114	12	241	2 	5	2000	315	5	6	7	8	9	10	12	14	16	18	20	0	8000	8000	7000	7000	6000	6000	5000	5000	4000	4000	1	//-> Attack Against Dark Element
	120	12	241	3 	1	5000	321	30	35	43	54	66	80	97	117	142	172	207	0	8000	8000	7000	7000	6000	6000	5000	5000	4000	4000	0	//-> Elemental Attack Dmg (in PvP)
	121	12	241	3 	2	5000	322	30	35	43	54	66	80	97	117	142	172	207	0	8000	8000	7000	7000	6000	6000	5000	5000	4000	4000	0	//-> Elemental Attack Dmg (in Raids)
	130	12	241	4 	1	5000	331	30	35	43	54	66	80	97	117	142	172	207	0	8000	8000	7000	7000	6000	6000	5000	5000	4000	4000	0	//-> Ranged Elemental Attack Dmg (in PvP)
	131	12	241	4 	2	5000	332	30	35	43	54	66	80	97	117	142	172	207	0	8000	8000	7000	7000	6000	6000	5000	5000	4000	4000	0	//-> Melee Elemental Attack Dmg (in PvP)
	140	12	241	5 	1	5000	341	5	7	9	11	13	15	18	21	24	27	30	0	8000	8000	7000	7000	6000	6000	5000	5000	4000	4000	1	//-> Elemental Damage (in PvP)
	141	12	241	5 	2	5000	342	5	7	9	11	13	15	18	21	24	27	30	0	8000	8000	7000	7000	6000	6000	5000	5000	4000	4000	1	//-> Elemental Damage (in Raids)
//-> Errtel of Divinity
	150	12	251	1 	1	10000	401	5	6	7	8	9	10	12	14	16	18	20	0	8000	8000	7000	7000	6000	6000	5000	5000	4000	4000	1	//-> Elemental Defense Success Rate
	160	12	251	2 	1	2000	411	5	6	7	8	9	10	12	14	16	18	20	0	8000	8000	7000	7000	6000	6000	5000	5000	4000	4000	1	//-> Defense Against Fire Element
	161	12	251	2 	2	2000	412	5	6	7	8	9	10	12	14	16	18	20	0	8000	8000	7000	7000	6000	6000	5000	5000	4000	4000	1	//-> Defense Against Water Element
	162	12	251	2 	3	2000	413	5	6	7	8	9	10	12	14	16	18	20	0	8000	8000	7000	7000	6000	6000	5000	5000	4000	4000	1	//-> Defense Against Earth Element
	163	12	251	2 	4	2000	414	5	6	7	8	9	10	12	14	16	18	20	0	8000	8000	7000	7000	6000	6000	5000	5000	4000	4000	1	//-> Defense Against Wind Element
	164	12	251	2 	5	2000	415	5	6	7	8	9	10	12	14	16	18	20	0	8000	8000	7000	7000	6000	6000	5000	5000	4000	4000	1	//-> Defense Against Dark Element
	170	12	251	3 	1	5000	421	10	13	17	22	28	35	43	52	62	73	85	0	9000	8000	7000	7000	6000	6000	6000	5000	5000	4000	0	//-> Elemental Defense (in PvP)
	171	12	251	3 	2	5000	422	10	13	17	22	28	35	43	52	62	73	85	0	9000	8000	7000	7000	6000	6000	6000	5000	5000	4000	0	//-> Elemental Defense (in Raids)
	180	12	251	4 	1	5000	431	10	13	17	22	28	35	43	52	62	73	85	0	9000	8000	7000	7000	6000	6000	6000	5000	5000	4000	0	//-> Ranged Elemental Defense (in PvP)
	181	12	251	4 	2	5000	432	10	13	17	22	28	35	43	52	62	73	85	0	9000	8000	7000	7000	6000	6000	6000	5000	5000	4000	0	//-> Melee Elemental Defense (in PvP)
	190	12	251	5 	1	5000	441	5	7	9	11	13	15	18	21	24	27	30	0	8000	8000	7000	7000	6000	6000	5000	5000	4000	4000	1	//-> Elemental Damage Absorb (in PvP)
	191	12	251	5 	2	5000	442	5	7	9	11	13	15	18	21	24	27	30	0	8000	8000	7000	7000	6000	6000	5000	5000	4000	4000	1	//-> Elemental Damage Absorb (in Raids)
//-> Errtel of Gale
	200	12	261	1 	1	10000	501	1	2	3	4	5	6	7	8	10	12	15	0	7000	7000	6000	6000	5000	5000	4000	4000	3000	3000	1	//-> Elemental Debuff Success Rate
	210	12	261	2 	1	2500	511	10	15	20	25	30	35	40	45	50	55	60	0	7000	7000	6000	6000	5000	5000	4000	4000	3000	3000	0	//-> Strength increase
	211	12	261	2 	2	2500	512	10	15	20	25	30	35	40	45	50	55	60	0	7000	7000	6000	6000	5000	5000	4000	4000	3000	3000	0	//-> Agility increase
	212	12	261	2 	3	2500	513	10	15	20	25	30	35	40	45	50	55	60	0	7000	7000	6000	6000	5000	5000	4000	4000	3000	3000	0	//-> Energy increase
	213	12	261	2 	4	2500	514	10	15	20	25	30	35	40	45	50	55	60	0	7000	7000	6000	6000	5000	5000	4000	4000	3000	3000	0	//-> Stamina increase
	220	12	261	3 	1	2500	521	20	25	30	35	40	50	60	70	80	90	100	0	7000	7000	6000	6000	5000	5000	4000	4000	3000	3000	0	//-> Maximum HP increase
	221	12	261	3 	2	2500	522	20	25	30	35	40	50	60	70	80	90	100	0	7000	7000	6000	6000	5000	5000	4000	4000	3000	3000	0	//-> Maximum Mana increase
	222	12	261	3 	3	2500	523	20	25	30	35	40	50	60	70	80	90	100	0	7000	7000	6000	6000	5000	5000	4000	4000	3000	3000	0	//-> Maximum AG increase
	223	12	261	3 	4	2500	524	500	550	600	650	700	750	800	850	900	950	1000	0	7000	7000	6000	6000	5000	5000	4000	4000	3000	3000	0	//-> Maximum SP increase
	230	12	261	4 	1	5000	531	5	6	7	8	9	10	12	14	16	18	20	0	7000	7000	6000	6000	5000	5000	4000	4000	3000	3000	1	//-> Elemental Attack Excellent Rate (in PvP)
	231	12	261	4 	2	5000	532	5	6	7	8	9	10	12	14	16	18	20	0	7000	7000	6000	6000	5000	5000	4000	4000	3000	3000	1	//-> Elemental Attack Excellent Rate (in Raids)
	240	12	261	5 	1	10000	541	1	2	3	4	5	6	7	8	10	12	15	0	7000	7000	6000	6000	5000	5000	4000	4000	3000	3000	1	//-> Additional Elemental Occurence Chance
end

//=====================================
// Damage (<Stat>/<Min|Max>)
//=====================================
1
// --------------------------------------------------------------------------------------------
//	Class	StrMin	StrMax	DexMin	DexMax	VitMin	VitMax	EneMin	EneMax	CmdMin	CmdMax
// --------------------------------------------------------------------------------------------
	0	0	0	0	0	0	0	54	24	0	0	//-> Wizard
	1	36	24	0	0	0	0	0	0	0	0	//-> Knight
	2	0	0	48	24	0	0	0	0	0	0	//-> Elf
	3	54	36	0	0	0	0	54	24	0	0	//-> Gladiator
	4	0	0	0	0	0	0	60	42	0	0	//-> Lord
	5	0	0	0	0	0	0	54	24	0	0	//-> Summoner
    	6    	144    64    	0    	0    	144    	64   	0    	0    	0   	0	//-> Fighter
end

//=====================================
// Defense (<Dexterity>/<Value>)
//=====================================
2
// --------------------------------------------------------------------------------------------
//	Class	Value
// --------------------------------------------------------------------------------------------
	0	30	//-> Wizard
	1	18	//-> Knight
	2	60	//-> Elf
	3	30	//-> Gladiator
	4	42	//-> Lord
	5	18	//-> Summoner
	6	48	//-> Fighter
end

//=====================================
// PvE defense rate (<Stat>*<StatFact>)
//=====================================
3
// --------------------------------------------------------------------------------------------
//	Class	LvlFact	StrFact	DexFact	VitFact	EneFact	CmdFact
// --------------------------------------------------------------------------------------------
	0	0	0	0.33	0	0	0	//-> Wizard
	1	0	0	0.33	0	0	0	//-> Knight
	2	0	0	0.25	0	0	0	//-> Elf
	3	0	0	0.33	0	0	0	//-> Gladiator
	4	0	0	0.143	0	0	0	//-> Lord
	5	0	0	0.25	0	0	0	//-> Summoner
	6	0	0	0.1	0	0	0	//-> Fighter
end

//=====================================
// PvE attack rate (<Stat>*<StatFact>)
//=====================================
4
// --------------------------------------------------------------------------------------------
//	Class	LvlFact	StrFact	DexFact	VitFact	EneFact	CmdFact
// --------------------------------------------------------------------------------------------
	0	5	0.25	1.5	0	0	0	//-> Wizard
	1	5	0.25	1.5	0	0	0	//-> Knight
	2	5	0.25	1.5	0	0	0	//-> Elf
	3	5	0.25	1.5	0	0	0	//-> Gladiator
	4	5	0.25	3	0	0	0.1	//-> Lord
	5	5	0.25	1.5	0	0	0	//-> Summoner
	6	3	0.167	1.25	0	0	0	//-> Fighter
end

//=====================================
// PvP defense rate (<Stat>*<StatFact>)
//=====================================
5
// --------------------------------------------------------------------------------------------
//	Class	LvlFact	StrFact	DexFact	VitFact	EneFact	CmdFact
// --------------------------------------------------------------------------------------------
	0	2	0	0.25	0	0	0	//-> Wizard
	1	2	0	0.5	0	0	0	//-> Knight
	2	2	0	0.1	0	0	0	//-> Elf
	3	2	0	0.25	0	0	0	//-> Gladiator
	4	2	0	0.5	0	0	0	//-> Lord
	5	2	0	0.5	0	0	0	//-> Summoner
	6	1.5	0	0.2	0	0	0	//-> Fighter
end

//=====================================
// PvP attack rate (<Stat>*<StatFact>)
//=====================================
6
// --------------------------------------------------------------------------------------------
//	Class	LvlFact	StrFact	DexFact	VitFact	EneFact	CmdFact
// --------------------------------------------------------------------------------------------
	0	3	0	4	0	0	0	//-> Wizard
	1	3	0	4.5	0	0	0	//-> Knight
	2	3	0	0.6	0	0	0	//-> Elf
	3	3	0	3.5	0	0	0	//-> Gladiator
	4	3	0	4	0	0	0.1	//-> Lord
	5	3	0	3.5	0	0	0	//-> Summoner
	6	2.6	0	3.6	0	0	0	//-> Fighter
end