//Index	Slot	Skill	X	Y	Serial	Option	Drop	Name					level	DmgMin	DmgMax	ASpeed	Dur	MagDur	MagPW	ReqLvl	ReqStr	ReqDex	ReqEne	ReqVit	ReqCmd	SetA	C0 C1 C2 C3 C4 C5 C6
0
0	0	0	1	2	1	1	1	"Kris"					6	6	11	50	20	0	0	0	40	40	0	0	0	1	1  1  1  1  1  1  1
1	0	0	1	3	1	1	1	"Short Sword"				3	3	7	20	22	0	0	0	60	0	0	0	0	1	1  1  1  1  1  1  1
2	0	0	1	3	1	1	1	"Rapier"				9	9	15	40	23	0	0	0	50	40	0	0	0	1	0  1  1  1  1  1  0
3	0	20	1	3	1	1	1	"Katana"				16	16	26	35	27	0	0	0	80	40	0	0	0	1	0  1  0  1  1  0  0
4	0	21	1	3	1	1	1	"Sword of Assassin"			12	12	18	30	24	0	0	0	60	40	0	0	0	1	0  1  0  1  1  0  0
5	0	22	1	3	1	1	1	"Blade"					36	36	47	30	39	0	0	0	80	50	0	0	0	1	1  1  1  1  1  0  0
6	0	20	1	3	1	1	1	"Gladius"				20	20	30	20	30	0	0	0	110	0	0	0	0	1	0  1  1  1  1  0  0
7	0	21	1	3	1	1	1	"Falchion"				24	24	34	25	34	0	0	0	120	0	0	0	0	1	0  1  0  1  1  0  0
8	0	21	1	3	1	1	1	"Serpent Sword"				30	30	40	20	36	0	0	0	130	0	0	0	0	1	0  1  0  1  1  0  0
9	0	20	2	3	1	1	1	"Sword of Salamander"			32	32	46	30	40	0	0	0	103	0	0	0	0	1	0  1  0  1  0  0  0
10	0	22	2	4	1	1	1	"Light Saber"				40	47	61	25	50	0	0	0	80	60	0	0	0	1	0  1  1  1  0  0  0
11	0	20	2	3	1	1	1	"Legendary Sword"			44	56	72	20	54	0	0	0	120	0	0	0	0	1	0  1  0  1  0  0  0
12	0	19	2	3	1	1	1	"Heliacal Sword"			56	73	98	25	66	0	0	0	140	0	0	0	0	1	0  1  0  1  0  0  0
13	0	22	1	3	1	1	1	"Double Blade"				48	48	56	30	43	0	0	0	70	70	0	0	0	1	0  1  1  1  0  0  0
14	0	22	1	3	1	1	1	"Lighting Sword"			59	59	67	30	50	0	0	0	90	50	0	0	0	1	0  1  1  1  0  0  0
15	0	23	2	3	1	1	1	"Giant Sword"				52	60	85	20	60	0	0	0	140	0	0	0	0	1	0  1  0  1  0  0  0
16	0	22	1	4	1	1	1	"Sword of Destruction"			82	82	90	35	84	0	0	0	160	60	0	0	0	1	0  1  0  1  0  0  0
17	0	23	2	4	1	1	1	"Dark Breaker"				104	128	153	40	89	0	0	0	180	50	0	0	0	1	0  2  0  0  0  0  0
18	0	23	2	3	1	1	1	"Thunder Blade"				105	140	168	40	86	0	0	0	180	50	0	0	0	1	0  0  0  1  0  0  0
19	0	22	1	4	1	1	1	"Divine Sword of Archangel"		86	220	230	45	168	0	0	0	140	50	0	0	0	0	0  1  0  1  1  0  0
20	0	22	1	4	1	1	1	"Knight Blade"				140	107	115	35	90	0	0	0	116	38	0	0	0	1	0  2  0  0  0  0  0
21	0	56	2	4	1	1	1	"Dark Reign Blade"			140	115	142	40	100	0	115	0	116	53	9	0	0	1	0  0  0  1  0  0  0
22	0	22	1	4	1	1	1	"Bone Blade"				147	122	135	40	95	0	0	380	100	35	0	0	0	0	0  2  0  0  0  0  0
23	0	56	2	4	1	1	1	"Explosion Blade"			147	127	155	45	110	0	134	380	98	48	7	0	0	0	0  0  0  1  0  0  0
24	0	22	2	4	1	1	1	"Daybreak"				115	182	218	40	90	0	0	0	192	30	0	0	0	0	0  2  0  0  0  0  0
25	0	56	2	4	1	1	1	"Sword Dancer"				115	109	136	40	90	0	108	0	136	57	9	0	0	0	0  0  0  1  0  0  0
26	0	22	1	4	1	1	1	"Flameberge"				137	115	126	40	90	0	0	380	193	53	0	0	0	0	0  2  0  0  0  0  0
27	0	22	1	4	1	1	1	"Sword Breaker"				133	91	99	35	90	0	0	380	53	176	0	0	0	0	0  2  0  0  0  0  0
28	0	56	1	4	1	1	1	"Rune Bastard Sword"			139	98	122	45	90	0	109	380	91	73	17	0	0	0	0  0  0  1  0  0  0
29	0	22	1	4	1	1	1	"Sonic Blade"				149	109	116	35	80	0	0	400	49	162	0	0	0	0	0  3  0  0  0  0  0
30	0	56	1	4	1	1	1	"Asura"					149	115	140	45	90	0	112	400	86	70	16	0	0	0	0  0  0  3  0  0  0
31	0	56	2	4	1	1	1	"Rune Blade"				100	104	130	35	93	0	104	0	135	62	9	0	0	3	0  0  0  1  0  0  0
32	0	260	1	2	1	1	0	"Sacred Glove"				52	52	58	25	65	0	0	0	85	35	0	0	0	1	0  0  0  0  0  0  1
33	0	261	1	2	1	1	1	"Holy Storm Claw"			82	82	88	30	77	0	0	0	100	50	0	0	0	1	0  0  0  0  0  0  1
34	0	260	1	2	1	1	1	"Piercing Blade Glove"			105	95	101	35	86	0	0	0	120	60	0	0	0	1	0  0  0  0  0  0  1
35	0	270	1	2	1	1	1	"Phoenix Soul Star"			147	122	128	40	98	0	0	380	101	51	0	0	0	0	0  0  0  0  0  0  1
36	0	22	1	4	1	1	1	"Cyclone Sword"				149	129	144	40	90	0	0	400	182	50	0	0	0	0	0  3  0  0  0  0  0
37	0	23	2	4	1	1	1	"Blast Break"				149	163	216	30	130	0	0	400	182	50	0	0	0	0	0  3  0  3  0  0  0
39	0	22	1	3	1	1	0	"Lighting Sword-J"			59	59	67	35	50	0	0	0	90	50	0	0	0	1	0  1  1  1  0  0  0
40	0	260	1	2	1	1	0	"Sacred Glove-J"			52	52	58	30	65	0	0	0	85	35	0	0	0	1	0  0  0  0  0  0  1
41	0	0	2	2	1	1	0	"Pandora Pick (two-handed)"		0	0	0	0	255	0	0	0	0	0	0	0	0	0	1  1  1  1  1  1  1
end

//Index	Slot	Skill	X	Y	Serial	Option	Drop	Name					level	DmgMin	DmgMax	ASpeed	Dur	MagDur	MagPW	ReqLvl	ReqStr	ReqDex	ReqEne	ReqVit	ReqCmd	SetA	C0 C1 C2 C3 C4 C5 C6
1
0	0	0	1	3	1	1	1	"Small Axe"				1	1	6	20	18	0	0	0	50	0	0	0	0	1	1  1  1  1  1  1  1
1	0	0	1	3	1	1	1	"Hand Axe"				4	4	9	30	20	0	0	0	70	0	0	0	0	1	1  1  1  1  1  1  1
2	0	19	1	3	1	1	1	"Double Axe"				14	14	24	20	26	0	0	0	90	0	0	0	0	1	0  1  0  1  1  0  0
3	0	19	1	3	1	1	1	"Tomahawk"				18	18	28	30	28	0	0	0	100	0	0	0	0	1	0  1  0  1  1  0  1
4	0	0	1	3	1	1	1	"Elven Axe"				26	26	38	40	32	0	0	0	50	70	0	0	0	1	1  0  1  1  0  1  0
5	0	19	2	3	1	1	1	"Battle Axe"				30	36	44	20	36	0	0	0	120	0	0	0	0	1	0  1  1  1  0  0  0
6	0	19	2	3	1	1	1	"Nikea Axe"				34	38	50	30	44	0	0	0	130	0	0	0	0	1	0  1  1  1  0  0  0
7	0	19	2	3	1	1	1	"Larkan Axe"				46	54	67	25	55	0	0	0	140	0	0	0	0	1	0  1  0  1  0  0  0
8	0	19	2	3	1	1	1	"Crescent Axe"				54	69	89	30	65	0	0	0	100	40	0	0	0	1	1  1  0  1  0  0  0
end

//Index	Slot	Skill	X	Y	Serial	Option	Drop	Name					level	DmgMin	DmgMax	ASpeed	Dur	MagDur	MagPW	ReqLvl	ReqStr	ReqDex	ReqEne	ReqVit	ReqCmd	SetA	C0 C1 C2 C3 C4 C5 C6
2
0	0	0	1	3	1	1	1	"Mace"					7	7	13	15	21	0	0	0	100	0	0	0	0	1	0  1  0  1  1  0  1
1	0	19	1	3	1	1	1	"Morning Star"				13	13	22	15	25	0	0	0	100	0	0	0	0	1	0  1  0  1  1  0  1
2	0	0	1	3	1	1	1	"Flail"					22	22	32	15	32	0	0	0	80	50	0	0	0	1	0  1  0  1  1  0  1
3	0	19	2	3	1	1	1	"Great Hammer"				38	45	56	15	50	0	0	0	150	0	0	0	0	1	0  1  0  1  0  0  1
4	0	19	2	3	1	1	1	"Crystal Morning Star"			66	78	107	30	72	0	0	0	130	0	0	0	0	1	1  1  1  1  0  0  1
5	0	23	2	4	1	1	1	"Crystal Sword"				72	89	120	40	76	0	0	0	130	70	0	0	0	1	1  1  1  1  0  0  0
6	0	23	2	4	1	1	0	"Chaos Dragon Axe"			75	102	130	35	80	0	0	0	140	50	0	0	0	0	0  1  0  1  0  0  0
7	0	0	1	3	1	1	1	"Elemental Mace"			90	62	80	50	50	0	0	0	15	42	0	0	0	1	0  0  2  0  0  0  0
8	0	66	1	3	1	1	1	"Battle Scepter"			54	41	52	45	40	0	3	0	80	17	0	0	0	1	0  0  0  0  1  0  0
9	0	66	1	3	1	1	1	"Master Scepter"			72	57	68	45	45	0	20	0	87	18	0	0	0	1	0  0  0  0  1  0  0
10	0	66	1	4	1	1	1	"Great Scepter"				82	74	85	45	65	0	35	0	100	21	0	0	0	1	0  0  0  0  1  0  0
11	0	66	1	4	1	1	1	"Lord Scepter"				98	91	102	40	72	0	52	0	105	23	0	0	0	1	0  0  0  0  1  0  0
12	0	66	1	4	1	1	1	"Great Lord Scepter"			140	108	120	40	84	0	67	0	90	20	0	0	0	1	0  0  0  0  1  0  0
13	0	66	1	4	1	1	1	"Divine Scepter of Archangel"		150	200	223	45	90	0	138	0	75	16	0	0	0	1	0  0  0  0  1  0  0
14	0	66	1	4	1	1	1	"Soleil Sceptor"			146	130	153	40	95	0	84	380	80	15	0	0	0	0	0  0  0  0  1  0  0
15	0	66	1	4	1	1	1	"Shining Scepter"			110	99	111	40	78	0	60	0	108	22	0	0	0	0	0  0  0  0  1  0  0
16	0	0	1	3	1	1	1	"Frost Mace"				121	106	146	50	80	0	0	380	27	19	0	0	0	1	0  0  2  0  0  0  0
17	0	66	1	4	1	1	1	"Absolute Scepter"			135	114	132	40	90	0	72	380	119	24	0	0	0	0	0  0  0  0  1  0  0
18	0	66	1	4	1	1	1	"Striker Scepter"			147	112	124	40	86	0	70	0	87	20	0	0	0	0	0  0  0  0  1  0  0
19	0	66	1	4	1	1	1	"Thunderbolt"				149	127	154	40	78	0	76	400	111	22	0	0	0	0	0  0  0  0  3  0  0
20	0	19	2	4	1	1	1	"Horn of Steal"				149	177	206	25	120	0	0	400	182	50	0	0	0	0	0  3  0  0  0  0  0
21	0	66	1	3	1	1	0	"Master Scepter-J"			72	57	68	50	45	0	20	0	87	18	0	0	0	1	0  0  0  0  1  0  0
end

//Index	Slot	Skill	X	Y	Serial	Option	Drop	Name					level	DmgMin	DmgMax	ASpeed	Dur	MagDur	MagPW	ReqLvl	ReqStr	ReqDex	ReqEne	ReqVit	ReqCmd	SetA	C0 C1 C2 C3 C4 C5 C6
3
0	0	22	2	4	1	1	1	"Light Spear"				42	50	63	25	56	0	0	0	60	70	0	0	0	1	0  1  1  1  0  0  0
1	0	0	2	4	1	1	1	"Spear"					23	30	41	30	42	0	0	0	70	50	0	0	0	1	0  1  1  1  0  0  0
2	0	0	2	4	1	1	1	"Dragon Lance"				15	21	33	30	34	0	0	0	70	50	0	0	0	1	0  1  1  1  0  0  0
3	0	0	2	4	1	1	1	"Giant Trident"				29	35	43	25	44	0	0	0	90	30	0	0	0	1	0  1  1  1  0  0  0
4	0	20	2	4	1	1	1	"Serpent Spear"				46	58	80	20	58	0	0	0	90	30	0	0	0	1	0  1  1  1  0  0  0
5	0	0	2	4	1	1	1	"Double Poleaxe"			13	19	31	30	38	0	0	0	70	50	0	0	0	1	0  1  1  1  0  0  0
6	0	0	2	4	1	1	1	"Halberd"				19	25	35	30	40	0	0	0	70	50	0	0	0	1	0  1  1  1  0  0  0
7	0	22	2	4	1	1	1	"Berdysh"				37	42	54	30	54	0	0	0	80	50	0	0	0	1	0  1  1  1  0  0  0
8	0	22	2	4	1	1	1	"Great Scythe"				54	71	92	25	68	0	0	0	90	50	0	0	0	1	0  1  1  1  0  0  0
9	0	22	2	4	1	1	1	"Bill of Balrog"			63	76	102	25	74	0	0	0	80	50	0	0	0	1	0  1  1  1  0  0  0
10	0	22	2	4	1	1	1	"Dragon Spear"				92	112	140	35	85	0	0	0	170	60	0	0	0	1	0  2  0  0  0  0  0
11	0	22	2	4	1	1	1	"Brova"					147	190	226	40	90	0	0	0	152	25	0	0	0	1	0  2  0  1  0  0  0
12	0	20	2	4	1	1	1	"Magmus Peer"				149	135	236	35	85	0	0	400	49	162	0	0	0	0	0  3  0  0  0  0  0
end

//Index	Slot	Skill	X	Y	Serial	Option	Drop	Name					level	DmgMin	DmgMax	ASpeed	Dur	MagDur	MagPW	ReqLvl	ReqStr	ReqDex	ReqEne	ReqVit	ReqCmd	SetA	C0 C1 C2 C3 C4 C5 C6
4
0	1	24	2	3	1	1	1	"Short Bow"				2	3	5	30	20	0	0	0	20	80	0	0	0	2	0  0  1  0  0  0  0
1	1	24	2	3	1	1	1	"Bow"					8	9	13	30	24	0	0	0	30	90	0	0	0	2	0  0  1  0  0  0  0
2	1	24	2	3	1	1	1	"Elven Bow"				16	17	24	30	28	0	0	0	30	90	0	0	0	2	0  0  1  0  0  0  0
3	1	24	2	3	1	1	1	"Battle Bow"				26	28	37	30	36	0	0	0	30	90	0	0	0	2	0  0  1  0  0  0  0
4	1	24	2	4	1	1	1	"Tiger Bow"				40	42	52	30	43	0	0	0	30	100	0	0	0	2	0  0  1  0  0  0  0
5	1	24	2	4	1	1	1	"Silver Bow"				56	59	71	40	48	0	0	0	30	100	0	0	0	2	0  0  1  0  0  0  0
6	1	24	2	4	1	1	0	"Chaos Nature Bow"			75	88	106	35	68	0	0	0	40	150	0	0	0	0	0  0  1  0  0  0  0
7	1	0	1	1	1	1	1	"Bolt"					0	0	0	0	255	0	0	0	0	0	0	0	0	0	0  0  1  0  0  0  0
8	0	24	2	2	1	1	1	"Crossbow"				4	5	8	40	22	0	0	0	20	90	0	0	0	2	0  0  1  0  0  0  0
9	0	24	2	2	1	1	1	"Golden Crossbow"			12	13	19	40	26	0	0	0	30	90	0	0	0	2	0  0  1  0  0  0  0
10	0	24	2	2	1	1	1	"Arquebus"				20	22	30	40	31	0	0	0	30	90	0	0	0	2	0  0  1  0  0  0  0
11	0	24	2	3	1	1	1	"Light Crossbow"			32	35	44	40	40	0	0	0	30	90	0	0	0	2	0  0  1  0  0  0  0
12	0	24	2	3	1	1	1	"Serpent Crossbow"			48	50	61	40	45	0	0	0	30	100	0	0	0	2	0  0  1  0  0  0  0
13	0	24	2	3	1	1	1	"Bluewing Crossbow"			68	68	82	40	56	0	0	0	40	110	0	0	0	2	0  0  1  0  0  0  0
14	0	24	2	3	1	1	1	"Aquagold Crossbow"			72	78	92	30	60	0	0	0	50	130	0	0	0	2	0  0  1  0  0  0  0
15	0	0	1	1	1	1	1	"Arrow"					0	0	0	0	255	0	0	0	0	0	0	0	0	0	0  0  1  0  0  0  0
16	0	24	2	4	1	1	1	"Saint Crossbow"			84	102	127	35	72	0	0	0	50	160	0	0	0	2	0  0  1  0  0  0  0
17	1	24	2	4	1	1	1	"Celestial Bow"				92	127	155	35	76	0	0	0	54	198	0	0	0	2	0  0  2  0  0  0  0
18	0	24	2	3	1	1	1	"Divine Crossbow of Archangel"		100	224	246	45	200	0	0	0	40	110	0	0	0	0	0  0  1  0  0  0  0
19	0	24	2	3	1	1	1	"Great Reign Crossbow"			100	150	172	40	80	0	0	0	61	285	0	0	0	2	0  0  2  0  0  0  0
20	1	24	2	4	1	1	1	"Arrow Viper Bow"			135	166	190	45	86	0	0	0	52	245	0	0	0	2	0  0  2  0  0  0  0
21	1	24	2	4	1	1	1	"Sylph Wind Bow"			147	177	200	45	93	0	0	380	46	210	0	0	0	0	0  0  2  0  0  0  0
22	1	24	2	4	1	1	1	"Albatross Bow"				110	155	177	45	70	0	0	0	60	265	0	0	0	0	0  0  2  0  0  0  0
23	1	24	2	4	1	1	1	"Dark Stinger"				134	162	184	45	80	0	0	380	32	209	0	0	0	2	0  0  2  0  0  0  0
24	1	24	2	4	1	1	1	"Aileen Bowr"				147	170	194	45	88	0	0	0	49	226	0	0	0	0	0  0  2  0  0  0  0
25	1	24	2	4	1	1	1	"Angelic Bow"				149	179	202	45	70	0	0	400	30	193	0	0	0	0	0  0  3  0  0  0  0
26	0	24	2	3	1	1	1	"Devil Crossbow"			149	167	218	40	90	0	0	400	30	193	0	0	0	0	0  0  3  0  0  0  0
27	1	24	2	4	1	1	0	"Silver Bow-J"				56	59	71	45	48	0	0	0	30	100	0	0	0	2	0  0  1  0  0  0  0
end

//Index	Slot	Skill	X	Y	Serial	Option	Drop	Name					level	DmgMin	DmgMax	ASpeed	Dur	MagDur	MagPW	ReqLvl	ReqStr	ReqDex	ReqEne	ReqVit	ReqCmd	SetA	C0 C1 C2 C3 C4 C5 C6
5
0	0	0	1	3	1	1	1	"Skull Staff"				6	3	4	20	0	20	6	0	40	0	0	0	0	3	1  0  0  1  0  1  0
1	0	0	2	3	1	1	1	"Angelic Staff"				18	10	12	25	0	38	20	0	50	0	0	0	0	3	1  0  0  1  0  0  0
2	0	0	2	3	1	1	1	"Serpent Staff"				30	17	18	25	0	50	34	0	50	0	0	0	0	3	1  0  0  1  0  0  0
3	0	0	2	4	1	1	1	"Thunder Staff"				42	23	25	25	0	60	46	0	40	10	0	0	0	3	1  0  0  1  0  0  0
4	0	0	2	4	1	1	1	"Gorgon Staff"				52	29	32	25	0	65	58	0	50	0	0	0	0	3	1  0  0  1  0  0  0
5	0	0	1	4	1	1	1	"Legendary Staff"			59	29	31	25	0	66	59	0	50	0	0	0	0	3	1  0  0  1  0  0  0
6	0	0	1	4	1	1	1	"Staff of Resurrection"			70	35	39	25	0	70	70	0	60	10	0	0	0	3	1  0  0  1  0  0  0
7	0	0	2	4	1	1	0	"Chaos Lighting Staff"			75	47	48	30	0	70	94	0	60	10	0	0	0	0	1  0  0  1  0  0  0
8	0	0	2	4	1	1	1	"Staff of Destruction"			90	50	54	30	0	85	101	0	60	10	0	0	0	3	1  0  0  1  0  0  0
9	0	0	1	4	1	1	1	"Dragon Soul Staff"			100	46	48	30	0	91	92	0	52	16	0	0	0	3	2  0  0  0  0  0  0
10	0	0	1	4	1	1	1	"Divine Staff of Archangel"		104	153	165	30	0	182	156	0	36	4	0	0	0	0	1  0  0  1  0  0  0
11	0	0	1	4	1	1	1	"Staff of Kundun"			140	55	61	30	0	95	110	0	45	16	0	0	0	0	2  0  0  1  0  0  0
12	0	0	1	4	1	1	1	"Grand Viper Staff"			147	66	74	30	0	100	130	380	39	13	0	0	0	0	2  0  0  0  0  0  0
13	0	0	1	4	1	1	1	"Platina Staff"				110	51	53	30	0	78	120	0	50	16	0	0	0	0	2  0  0  0  0  0  0
14	0	0	1	4	1	1	1	"Mystery Stick"				28	17	18	25	0	50	34	0	34	14	0	0	0	0	0  0  0  0  0  1  0
15	0	0	1	4	1	1	1	"Violent Wind Stick"			42	23	25	25	0	60	46	0	33	17	0	0	0	0	0  0  0  0  0  1  0
16	0	0	1	4	1	1	1	"Red Wing Stick"			59	29	31	25	0	65	59	0	36	14	0	0	0	0	0  0  0  0  0  1  0
17	0	0	1	4	1	1	1	"Ancient Stick"				78	38	40	25	0	81	76	0	50	19	0	0	0	0	0  0  0  0  0  1  0
18	0	0	1	4	1	1	1	"Demonic Stick"				100	46	48	30	0	91	92	0	54	15	0	0	0	3	0  0  0  0  0  2  0
19	0	0	1	4	1	1	1	"Storm Blitz Stick"			110	51	53	30	0	95	110	380	64	15	0	0	0	0	0  0  0  0  0  2  0
20	0	0	1	4	1	1	1	"Eternal Wing Stick"			147	66	74	30	0	100	106	380	57	13	0	0	0	0	0  0  0  0  0  2  0
21	1	223	1	2	1	1	1	"Book of Samut"				52	0	0	25	0	60	46	0	0	20	135	0	0	0	0  0  0  0  0  1  0
22	1	224	1	2	1	1	1	"Book of Neil"				59	0	0	25	0	65	59	0	0	25	168	0	0	0	0  0  0  0  0  1  0
23	1	225	1	2	1	1	1	"Book of Lagle"				65	0	0	25	0	50	72	0	0	30	201	0	0	0	0  0  0  0  0  1  0
30	0	0	1	4	1	1	1	"Deadly Staff"				138	57	59	30	0	91	126	380	47	18	0	0	0	3	0  0  0  1  0  0  0
31	0	0	1	4	1	1	1	"Inberial Staff"			137	57	61	30	0	182	124	380	48	14	0	0	0	0	2  0  0  0  0  0  0
32	0	0	1	4	1	1	1	"Summon Spirit Stick"			149	59	61	30	0	130	110	400	56	14	0	0	0	0	0  0  0  0  0  3  0
33	0	0	1	4	1	1	1	"Chrome Staff"				147	55	57	30	0	78	124	0	50	12	0	0	0	0	2  0  0  1  0  0  0
34	0	0	1	4	1	1	1	"Raven Stick"				147	70	78	30	0	98	130	0	50	14	0	0	0	0	0  0  0  0  0  2  0
35	0	0	1	4	1	1	1	"Miracle Staff"				149	67	69	30	0	80	130	400	46	13	0	0	0	0	3  0  0  3  0  0  0
36	0	0	1	4	1	1	1	"Divine Stick of the Archangel"		104	153	165	30	0	182	146	0	55	13	0	0	0	0	0  0  0  0  0  1  0
37	0	0	2	4	1	1	1	"Spite Staff"				149	69	71	25	0	110	136	400	48	11	0	0	0	0	3  0  0  3  0  0  0
38	0	0	1	4	1	1	0	"Legendary Staff-J"			59	29	31	30	0	66	59	0	50	0	0	0	0	3	1  0  0  1  0  0  0
39	0	0	1	4	1	1	0	"Red Wing Stick-J"			59	29	31	30	0	65	59	0	36	14	0	0	0	0	0  0  0  0  0  1  0
40	1	224	1	2	1	1	0	"Book of Neil-J"			59	0	0	30	0	65	59	0	0	25	168	0	0	0	0  0  0  0  0  1  0
end

//Index	Slot	Skill	X	Y	Serial	Option	Drop	Name					level	Def	DefRate	Dur	ReqLvl	ReqStr	ReqDex	ReqEne	ReqVit	ReqCmd	SetA	C0 C1 C2 C3 C4 C5 C6
6
0	1	0	2	2	1	1	1	"Small Shield"				3	1	3	22	0	70	0	0	0	0	4	1  1  1  1  1  0  0
1	1	0	2	2	1	1	1	"Horn Shield"				9	3	9	28	0	100	0	0	0	0	4	0  1  0  1  1  0  0
2	1	0	2	2	1	1	1	"Kite Shield"				12	4	12	32	0	110	0	0	0	0	4	0  1  0  1  1  0  0
3	1	0	2	2	1	1	1	"Elven Shield"				21	8	21	36	0	30	100	0	0	0	4	0  0  1  0  0  0  0
4	1	18	2	2	1	1	1	"Buckler"				6	2	6	24	0	80	0	0	0	0	4	1  1  1  1  1  0  0
5	1	18	2	2	1	1	1	"Dragon Slayer Shield"			35	10	36	44	0	100	40	0	0	0	4	0  1  0  1  1  0  0
6	1	18	2	2	1	1	1	"Skull Shield"				15	5	15	34	0	110	0	0	0	0	4	1  1  1  1  1  0  0
7	1	18	2	2	1	1	1	"Spiked Shield"				30	9	30	40	0	130	0	0	0	0	4	0  1  0  1  1  0  0
8	1	18	2	2	1	1	1	"Tower Shield"				40	11	40	46	0	130	0	0	0	0	4	0  1  1  1  1  0  0
9	1	18	2	2	1	1	1	"Plate Shield"				25	8	25	38	0	120	0	0	0	0	4	0  1  0  1  1  0  0
10	1	18	2	2	1	1	1	"Large Round Shield"			18	6	18	35	0	120	0	0	0	0	4	0  1  0  1  1  0  0
11	1	18	2	2	1	1	1	"Serpent Shield"			45	12	45	48	0	130	0	0	0	0	4	0  1  1  1  1  0  0
12	1	18	2	2	1	1	1	"Bronze Shield"				54	13	54	52	0	140	0	0	0	0	4	0  1  0  1  0  0  0
13	1	18	2	2	1	1	1	"Dragon Shield"				60	14	60	60	0	120	40	0	0	0	4	0  1  0  1  0  0  0
14	1	0	2	3	1	1	1	"Legendary Shield"			48	7	48	50	0	90	25	0	0	0	4	1  0  1  1  0  0  0
15	1	0	2	3	1	1	1	"Grand Soul Shield"			74	12	55	55	0	70	23	0	0	0	4	2  0  0  0  0  0  0
16	1	0	2	2	1	1	1	"Elemental Shield"			66	11	28	51	0	30	60	30	0	0	4	0  0  2  0  0  0  0
17	1	18	2	2	1	1	1	"Crimson Glory"				104	19	90	51	380	95	48	0	0	0	4	0  2  0  0  0  0  0
18	1	18	2	2	1	1	1	"Salamander Shield"			102	20	96	51	380	80	61	0	0	0	4	0  0  0  1  0  0  0
19	1	0	2	2	1	1	1	"Frost Barrier"				99	14	58	51	380	26	53	26	0	0	4	0  0  2  0  0  0  0
20	1	0	2	2	1	1	1	"Guardian Shield"			106	12	30	51	380	54	18	0	0	0	4	2  0  0  0  0  0  0
21	1	18	2	2	1	1	1	"Cross Shield"				70	16	75	65	0	140	55	0	0	0	4	0  0  0  0  1  0  0
22	1	18	2	2	1	1	1	"Lazy Wind Shield"			129	36	108	90	400	67	56	0	0	0	0	0  3  0  0  0  0  0
23	1	0	2	2	1	1	1	"Light Lord Shield"			124	23	69	90	400	16	35	35	0	0	0	0  0  3  0  0  0  0
24	1	0	2	2	1	1	1	"Dark Devil Shield"			122	21	63	90	400	52	15	0	0	0	0	3  0  0  0  0  0  0
25	1	18	2	2	1	1	1	"Magic Knight Shield"			128	29	87	90	400	53	18	0	0	0	0	0  0  0  3  0  0  0
26	1	18	2	2	1	1	1	"Ambition Shield"			131	25	75	90	400	104	24	0	0	0	0	0  0  0  0  3  0  0
27	1	0	2	3	1	1	0	"Legendary Shield-J"			48	9	48	50	0	90	25	0	0	0	4	1  0  1  1  0  0  0
28	1	18	2	2	1	1	0	"Serpent Shield-J"			45	14	45	48	0	130	0	0	0	0	4	0  1  1  1  1  0  0
end

//Index	Slot	Skill	X	Y	Serial	Option	Drop	Name					level	Def	MagDef	Dur	ReqLvl	ReqStr	ReqDex	ReqEne	ReqVit	ReqCmd	SetA	C0 C1 C2 C3 C4 C5 C6
7
0	2	0	2	2	1	1	1	"Bronze Helm"				16	9	0	34	0	80	20	0	0	0	4	0  1  0  0  1  0  0
1	2	0	2	2	1	1	1	"Dragon Helm"				57	24	0	68	0	120	30	0	0	0	4	0  1  0  0  0  0  0
2	2	0	2	2	1	1	1	"Pad Helm"				5	4	0	28	0	20	0	0	0	0	4	1  0  0  0  0  0  0
3	2	0	2	2	1	1	1	"Legendary Helm"			50	18	0	42	0	30	0	0	0	0	4	1  0  0  0  0  0  0
4	2	0	2	2	1	1	1	"Bone Helm"				18	9	0	30	0	30	0	0	0	0	4	1  0  0  0  0  0  0
5	2	0	2	2	1	1	1	"Leather Helm"				6	5	0	30	0	80	0	0	0	0	4	0  1  0  0  1  0  1
6	2	0	2	2	1	1	1	"Scale Helm"				26	12	0	40	0	110	0	0	0	0	4	0  1  0  0  1  0  1
7	2	0	2	2	1	1	1	"Sphinx Mask"				32	13	0	36	0	30	0	0	0	0	4	1  0  0  0  0  0  0
8	2	0	2	2	1	1	1	"Brass Helm"				36	17	0	44	0	100	30	0	0	0	4	0  1  0  0  0  0  1
9	2	0	2	2	1	1	1	"Plate Helm"				46	20	0	50	0	130	0	0	0	0	4	0  1  0  0  0  0  1
10	2	0	2	2	1	1	1	"Vine Helm"				6	4	0	22	0	30	60	0	0	0	4	0  0  1  0  0  0  0
11	2	0	2	2	1	1	1	"Silk Helm"				16	8	0	26	0	30	70	0	0	0	4	0  0  1  0  0  0  0
12	2	0	2	2	1	1	1	"Wind Helm"				28	12	0	32	0	30	80	0	0	0	4	0  0  1  0  0  0  0
13	2	0	2	2	1	1	1	"Spirit Helm"				40	16	0	38	0	40	80	0	0	0	4	0  0  1  0  0  0  0
14	2	0	2	2	1	1	1	"Guardian Helm"				53	23	0	45	0	40	80	0	0	0	4	0  0  1  0  0  0  0
16	2	0	2	2	1	1	1	"Black Dragon Helm"			82	30	0	74	0	170	60	0	0	0	4	0  1  0  0  0  0  0
17	2	0	2	2	1	1	1	"Dark Phoenix Helm"			92	43	0	80	0	205	62	0	0	0	4	0  2  0  0  0  0  0
18	2	0	2	2	1	1	1	"Grand Soul Helm"			81	27	0	67	0	59	20	0	0	0	4	2  0  0  0  0  0  0
19	2	0	2	2	1	1	1	"Holy Spirit Helm"			85	37	0	74	0	50	110	0	0	0	4	0  0  2  0  0  0  0
21	2	0	2	2	1	1	1	"Great Dragon Helm"			104	53	0	86	0	200	58	0	0	0	4	0  2  0  0  0  0  0
22	2	0	2	2	1	1	1	"Dark Soul Helm"			110	36	0	75	0	55	18	0	0	0	4	2  0  0  0  0  0  0
24	2	0	2	2	1	1	1	"Red Spirit Helm"			93	46	0	80	0	52	115	0	0	0	4	0  0  2  0  0  0  0
25	2	0	2	2	1	1	1	"Light Plate Mask"			46	20	0	42	0	70	20	0	0	0	4	0  0  0  0  1  0  0
26	2	0	2	2	1	1	1	"Adamantine Mask"			66	24	0	56	0	77	21	0	0	0	4	0  0  0  0  1  0  0
27	2	0	2	2	1	1	1	"Dark Steel Mask"			86	26	0	70	0	84	22	0	0	0	4	0  0  0  0  1  0  0
28	2	0	2	2	1	1	1	"Dark Master Mask"			106	34	0	78	0	80	21	0	0	0	4	0  0  0  0  1  0  0
29	2	0	2	2	1	1	1	"Dragon Knight Helm"			130	66	0	90	380	170	60	0	0	0	0	0  2  0  0  0  0  0
30	2	0	2	2	1	1	1	"Venom Mist Helm"			126	48	0	86	380	44	15	0	0	0	0	2  0  0  0  0  0  0
31	2	0	2	2	1	1	1	"Sylphid Ray Helm"			126	57	0	86	380	38	80	0	0	0	0	0  0  2  0  0  0  0
33	2	0	2	2	1	1	1	"Sunlight Mask"				130	46	0	82	380	62	16	0	0	0	0	0  0  0  0  1  0  0
34	2	0	2	2	1	1	1	"Ashcrow Helm"				67	27	0	72	0	160	50	0	0	0	0	0  1  0  0  0  0  0
35	2	0	2	2	1	1	1	"Eclipse Helm"				67	22	0	54	0	53	12	0	0	0	4	1  0  0  0  0  0  0
36	2	0	2	2	1	1	1	"Iris Helm"				67	30	0	59	0	50	70	0	0	0	4	0  0  1  0  0  0  0
38	2	0	2	2	1	1	1	"Glorious Mask"				97	30	0	74	0	80	21	0	0	0	4	0  0  0  0  1  0  0
39	2	0	2	2	1	1	1	"Violent Wind Helm"			28	13	0	36	0	31	0	0	0	0	4	0  0  0  0  0  1  0
40	2	0	2	2	1	1	1	"Red Wing Helm"				50	18	0	42	0	26	4	0	0	0	4	0  0  0  0  0  1  0
41	2	0	2	2	1	1	1	"Ancient Helm"				68	24	0	54	0	52	16	0	0	0	4	0  0  0  0  0  1  0
42	2	0	2	2	1	1	1	"Demonic Helm"				81	32	0	67	0	60	20	0	0	0	4	0  0  0  0  0  2  0
43	2	0	2	2	1	1	1	"Storm Blitz Helm"			110	43	0	75	380	56	20	0	0	0	0	0  0  0  0  0  2  0
44	2	0	2	2	1	1	1	"Eternal Wing Helm"			116	35	0	86	380	62	20	170	0	0	0	0  0  0  0  0  2  0
45	2	0	2	2	1	1	1	"Titan  Helm"				111	63	0	86	380	222	32	0	0	0	0	0  1  0  0  0  0  0
46	2	0	2	2	1	1	1	"Brave Helm"				107	51	0	86	380	74	162	0	0	0	0	0  1  0  0  0  0  0
49	2	0	2	2	1	1	1	"Seraphim Helm"				111	50	0	86	380	55	197	0	0	0	0	0  0  1  0  0  0  0
50	2	0	2	2	1	1	1	"Divine Helm"				104	44	0	86	380	32	29	138	0	0	0	0  0  1  0  0  0  0
51	2	0	2	2	1	1	1	"Royal Mask"				111	44	0	86	380	105	38	0	0	0	0	0  0  0  0  1  0  0
52	2	0	2	2	1	1	1	"Hades Helm"				109	41	0	86	380	60	15	181	0	0	0	1  0  0  0  0  0  0
53	2	0	2	2	1	1	1	"Succubus Helm"				143	44	0	90	400	56	19	157	0	0	0	0  0  0  0  0  3  0
54	2	0	2	2	1	1	1	"Lazy Wind Helm"			143	68	0	90	400	67	151	0	0	0	0	0  3  0  0  0  0  0
55	2	0	2	2	1	1	1	"Dark Devil Helm"			143	50	0	90	400	45	13	171	0	0	0	3  0  0  0  0  0  0
56	2	0	2	2	1	1	1	"Sticky Helm"				143	59	0	90	400	48	180	0	0	0	0	0  0  3  0  0  0  0
58	2	0	2	2	1	1	1	"Ambition Mask"				143	53	0	90	400	112	22	0	0	0	0	0  0  0  0  3  0  0
59	2	0	2	2	1	1	0	"Sacred Fire Helm"			54	24	0	52	0	85	0	0	75	0	2	0  0  0  0  0  0  1
60	2	0	2	2	1	1	0	"Storm Jahad Helm"			70	32	0	68	0	100	0	0	90	0	0	0  0  0  0  0  0  1
61	2	0	2	2	1	1	0	"Piercing Groove Helm"			90	45	0	82	0	115	0	0	100	0	2	0  0  0  0  0  0  1
62	2	0	2	2	1	1	0	"Scale Helm"				26	16	0	255	1	0	0	0	0	0	4	0  1  0  0  1  0  1
63	2	0	2	2	1	1	0	"Silk Helm"				16	11	0	255	1	0	0	0	0	0	4	0  0  1  0  0  0  0
64	2	0	2	2	1	1	0	"Sphinx Helm"				32	17	0	255	1	0	0	0	0	0	4	1  0  0  0  0  0  0
65	2	0	2	2	1	1	0	"Violent Wind Helm"			28	17	0	255	1	0	0	0	0	0	4	0  0  0  0  0  1  0
66	2	0	2	2	1	1	0	"Dark Soul Helm"			66	29	0	255	150	0	0	0	0	0	4	0  0  0  0  1  0  0
67	2	0	2	2	1	1	0	"Dragon Helm"				57	29	0	255	150	0	0	0	0	0	4	0  1  0  0  0  0  0
68	2	0	2	2	1	1	0	"Guardian Helm"				53	28	0	255	150	0	0	0	0	0	4	0  0  1  0  0  0  0
69	2	0	2	2	1	1	0	"Legendary Helm"			50	23	0	255	150	0	0	0	0	0	4	1  0  0  0  0  0  0
70	2	0	2	2	1	1	0	"Red Wing Helm"				50	20	0	255	150	0	0	0	0	0	4	0  0  0  0  0  1  0
72	2	0	2	2	1	1	0	"Storm Jahad Helm"			70	32	0	255	150	0	0	0	0	0	4	0  0  0  0  0  0  1
73	2	0	2	2	1	1	1	"Phoenix Soul Helmet"			128	60	0	88	380	97	0	0	85	0	0	0  0  0  0  0  0  1
74	2	0	2	2	1	1	1	"Stormwing Helm"			143	72	0	90	400	200	33	0	0	0	0	0  3  0  0  0  0  0
75	2	0	2	2	1	1	1	"Light Lord Helmet"			143	53	0	90	400	14	31	127	0	0	0	0  0  3  0  0  0  0
76	2	0	2	2	1	1	1	"Magic Knight Helm"			0	0	0	0	0	0	0	0	0	0	0	0  0  0  0  0  0  0
78	2	0	2	2	1	1	0	"Dragon Helm-J"				57	26	0	68	0	120	30	0	0	0	4	0  1  0  0  0  0  0
79	2	0	2	2	1	1	0	"Legendary Helm-J"			50	20	0	42	0	30	0	0	0	0	4	1  0  0  0  0  0  0
80	2	0	2	2	1	1	0	"Guardian Helm-J"			53	25	0	45	0	40	80	0	0	0	4	0  0  1  0  0  0  0
81	2	0	2	2	1	1	0	"Light Plate Mask-J"			46	22	0	42	0	70	20	0	0	0	4	0  0  0  0  1  0  0
82	2	0	2	2	1	1	0	"Red Wing Helm-J"			50	20	0	42	0	26	4	0	0	0	4	0  0  0  0  0  1  0
83	2	0	2	2	1	1	0	"Sacred Fire Helm-J"			54	26	0	52	0	85	0	0	75	0	2	0  0  0  0  0  0  1
end

//Index	Slot	Skill	X	Y	Serial	Option	Drop	Name					level	Def	MagDef	Dur	ReqLvl	ReqStr	ReqDex	ReqEne	ReqVit	ReqCmd	SetA	C0 C1 C2 C3 C4 C5 C6
8
0	3	0	2	2	1	1	1	"Bronze Armor"				18	14	0	34	0	80	20	0	0	0	4	0  1  0  1  1  0  0
1	3	0	2	3	1	1	1	"Dragon Armor"				59	37	0	68	0	120	30	0	0	0	4	0  1  0  1  0  0  0
2	3	0	2	2	1	1	1	"Pad Armor"				10	7	0	28	0	30	0	0	0	0	4	1  0  0  1  0  0  0
3	3	0	2	2	1	1	1	"Legendary Armor"			56	22	0	42	0	40	0	0	0	0	4	1  0  0  1  0  0  0
4	3	0	2	2	1	1	1	"Bone Armor"				22	13	0	30	0	40	0	0	0	0	4	1  0  0  1  0  0  0
5	3	0	2	3	1	1	1	"Leather Armor"				10	10	0	30	0	80	0	0	0	0	4	0  1  0  1  1  0  1
6	3	0	2	2	1	1	1	"Scale Armor"				28	18	0	40	0	110	0	0	0	0	4	0  1  0  1  1  0  1
7	3	0	2	3	1	1	1	"Sphinx Armor"				38	17	0	36	0	40	0	0	0	0	4	1  0  0  1  0  0  0
8	3	0	2	2	1	1	1	"Brass Armor"				38	22	0	44	0	100	30	0	0	0	4	0  1  0  1  0  0  1
9	3	0	2	2	1	1	1	"Plate Armor"				48	30	0	50	0	130	0	0	0	0	4	0  1  0  1  0  0  1
10	3	0	2	2	1	1	1	"Vine Armor"				10	8	0	22	0	30	60	0	0	0	4	0  0  1  0  0  0  0
11	3	0	2	2	1	1	1	"Silk Armor"				20	12	0	26	0	30	70	0	0	0	4	0  0  1  0  0  0  0
12	3	0	2	2	1	1	1	"Wind Armor"				32	16	0	32	0	30	80	0	0	0	4	0  0  1  0  0  0  0
13	3	0	2	2	1	1	1	"Spirit Armor"				44	21	0	38	0	40	80	0	0	0	4	0  0  1  0  0  0  0
14	3	0	2	2	1	1	1	"Guardian Armor"			57	29	0	45	0	40	80	0	0	0	4	0  0  1  0  0  0  0
15	3	0	2	3	1	1	1	"Storm Crow Armor"			80	44	0	80	0	150	70	0	0	0	4	0  0  0  1  0  0  0
16	3	0	2	3	1	1	1	"Black Dragon Armor"			90	48	0	74	0	170	60	0	0	0	4	0  1  0  0  0  0  0
17	3	0	2	3	1	1	1	"Dark Phoenix Armor"			100	63	0	80	0	214	65	0	0	0	4	0  2  0  0  0  0  0
18	3	0	2	3	1	1	1	"Grand Soul Armor"			91	33	0	67	0	59	20	0	0	0	4	2  0  0  0  0  0  0
19	3	0	2	2	1	1	1	"Holy Spirit Armor"			92	44	0	74	0	50	110	0	0	0	4	0  0  2  0  0  0  0
20	3	0	2	3	1	1	1	"Thunder Hawk Armor"			107	60	0	82	0	170	70	0	0	0	4	0  0  0  1  0  0  0
21	3	0	2	3	1	1	1	"Great Dragon Armor"			126	75	0	86	0	200	58	0	0	0	4	0  2  0  0  0  0  0
22	3	0	2	3	1	1	1	"Dark Soul Armor"			122	43	0	75	0	55	18	0	0	0	4	2  0  0  0  0  0  0
23	3	0	2	3	1	1	1	"Hurricane Armor"			128	73	0	90	0	162	66	0	0	0	4	0  0  0  1  0  0  0
24	3	0	2	2	1	1	1	"Red Sprit Armor"			109	55	0	80	0	52	115	0	0	0	4	0  0  2  0  0  0  0
25	3	0	2	3	1	1	1	"Light Plate Armor"			62	25	0	42	0	70	20	0	0	0	4	0  0  0  0  1  0  0
26	3	0	2	3	1	1	1	"Adamantine Armor"			78	36	0	56	0	77	21	0	0	0	4	0  0  0  0  1  0  0
27	3	0	2	3	1	1	1	"Dark Steel Armor"			96	43	0	70	0	84	22	0	0	0	4	0  0  0  0  1  0  0
28	3	0	2	3	1	1	1	"Dark Master Armor"			117	51	0	78	0	80	21	0	0	0	4	0  0  0  0  1  0  0
29	3	0	2	3	1	1	1	"Dragon Knight Armor"			140	88	0	90	380	170	60	0	0	0	0	0  2  0  0  0  0  0
30	3	0	2	3	1	1	1	"Venom Mist Armor"			146	57	0	86	380	44	15	0	0	0	0	2  0  0  0  0  0  0
31	3	0	2	3	1	1	1	"Sylphid Ray Armor"			146	68	0	86	380	38	80	0	0	0	0	0  0  2  0  0  0  0
32	3	0	2	3	1	1	1	"Volcano Armor"				147	86	0	95	380	145	60	0	0	0	0	0  0  0  1  0  0  0
33	3	0	2	3	1	1	1	"Sunlight Armor"			147	64	0	82	380	62	16	0	0	0	0	0  0  0  0  1  0  0
34	3	0	2	3	1	1	1	"Ashcrow Armor"				75	42	0	72	0	160	50	0	0	0	0	0  1  0  0  0  0  0
35	3	0	2	3	1	1	1	"Eclipse Armor"				75	27	0	54	0	53	12	0	0	0	4	1  0  0  0  0  0  0
36	3	0	2	3	1	1	1	"Iris Armor"				75	36	0	59	0	50	70	0	0	0	4	0  0  1  0  0  0  0
37	3	0	2	3	1	1	1	"Valiant Armor"				105	52	0	81	0	155	50	0	0	0	4	0  0  0  1  0  0  0
38	3	0	2	3	1	1	1	"Glorious Armor"			105	47	0	74	0	80	21	0	0	0	4	0  0  0  0  1  0  0
39	3	0	2	2	1	1	1	"Violent Wind Armor"			34	22	0	36	0	39	0	0	0	0	4	0  0  0  0  0  1  0
40	3	0	2	2	1	1	1	"Red Wing Armor"			56	28	0	42	0	35	8	0	0	0	4	0  0  0  0  0  1  0
41	3	0	2	2	1	1	1	"Ancient Armor"				75	35	0	54	0	52	16	0	0	0	4	0  0  0  0  0  1  0
42	3	0	2	2	1	1	1	"Demonic Armor"				91	45	0	67	0	60	20	0	0	0	4	0  0  0  0  0  2  0
43	3	0	2	2	1	1	1	"Storm Blitz Armor"			122	56	0	75	380	57	19	0	0	0	0	0  0  0  0  0  2  0
44	3	0	2	2	1	1	1	"Eternal Wing Armor"			131	49	0	86	380	62	20	170	0	0	0	0  0  0  0  0  2  0
45	3	0	2	3	1	1	1	"Titan  Armor"				132	81	0	86	380	222	32	0	0	0	0	0  1  0  0  0  0  0
46	3	0	2	3	1	1	1	"Brave Armor"				128	62	0	86	380	74	162	0	0	0	0	0  1  0  0  0  0  0
47	3	0	2	3	1	1	1	"Phantom  Armor"			131	80	0	86	380	212	57	0	0	0	0	0  0  0  1  0  0  0
48	3	0	2	3	1	1	1	"Destroy Armor"				125	66	0	86	380	62	19	165	0	0	0	0  0  0  1  0  0  0
49	3	0	2	2	1	1	1	"Seraphim Armor"			129	60	0	86	380	55	197	0	0	0	0	0  0  1  0  0  0  0
50	3	0	2	2	1	1	1	"Divine Armor"				122	52	0	86	380	32	29	138	0	0	0	0  0  1  0  0  0  0
51	3	0	2	3	1	1	1	"Royal Armor"				132	58	0	86	380	105	38	0	0	0	0	0  0  0  0  1  0  0
52	3	0	2	3	1	1	1	"Hades Armor"				129	50	0	86	380	60	15	181	0	0	0	1  0  0  0  0  0  0
53	3	0	2	2	1	1	1	"Succubus Armor"			148	58	0	90	400	56	19	157	0	0	0	0  0  0  0  0  3  0
54	3	0	2	3	1	1	1	"Lazy Wind Armor"			148	79	0	90	400	67	151	0	0	0	0	0  3  0  0  0  0  0
55	3	0	2	3	1	1	1	"Dark Devil Armor"			148	59	0	90	400	45	13	171	0	0	0	3  0  0  0  0  0  0
56	3	0	2	2	1	1	1	"Sticky Armor"				148	69	0	90	400	48	180	0	0	0	0	0  0  3  0  0  0  0
57	3	0	2	3	1	1	1	"Hell Night Armor"			148	89	0	90	400	194	52	0	0	0	0	0  0  0  3  0  0  0
58	3	0	2	3	1	1	1	"Ambition Armor"			148	67	0	90	400	112	22	0	0	0	0	0  0  0  0  3  0  0
59	3	0	2	3	1	1	0	"Sacred Fire Armor"			66	43	0	52	0	85	0	0	75	0	1	0  0  0  0  0  0  1
60	3	0	2	3	1	1	0	"Storm Jahad Armor"			82	51	0	68	0	100	0	0	90	0	0	0  0  0  0  0  0  1
61	3	0	2	3	1	1	0	"Piercing Groove Armor"			101	59	0	82	0	115	0	0	100	0	1	0  0  0  0  0  0  1
62	3	0	2	2	1	1	0	"Scale Armor"				28	21	0	255	1	0	0	0	0	0	4	0  1  0  1  1  0  1
63	3	0	2	2	1	1	0	"Silk Armor"				20	14	0	255	1	0	0	0	0	0	4	0  0  1  0  0  0  0
64	3	0	2	3	1	1	0	"Sphinx Armor"				38	19	0	255	1	0	0	0	0	0	4	1  0  0  1  0  0  0
65	3	0	2	2	1	1	0	"Violent Wind Armor"			34	26	0	255	1	0	0	0	0	0	4	0  0  0  0  0  1  0
66	3	0	2	3	1	1	0	"Dark Soul Armor"			78	39	0	255	150	0	0	0	0	0	4	0  0  0  0  1  0  0
67	3	0	2	3	1	1	0	"Dragon Armor"				59	42	0	255	150	0	0	0	0	0	4	0  1  0  1  0  0  0
68	3	0	2	2	1	1	0	"Guardian Armor"			57	29	0	255	150	0	0	0	0	0	4	0  0  1  0  0  0  0
69	3	0	2	2	1	1	0	"Legendary Armor"			56	24	0	255	150	0	0	0	0	0	4	1  0  0  1  0  0  0
70	3	0	2	2	1	1	0	"Red Wing Armor"			56	31	0	255	150	0	0	0	0	0	4	0  0  0  0  0  1  0
71	3	0	2	3	1	1	0	"Atlans Armor"				80	47	0	255	150	0	0	0	0	0	4	0  0  0  1  0  0  0
72	3	0	2	3	1	1	0	"Storm Jahad Armor"			82	43	0	255	150	0	0	0	0	0	4	0  0  0  0  0  0  1
73	3	0	2	3	1	1	1	"Phoenix Soul Armor"			143	78	0	88	380	97	0	0	85	0	0	0  0  0  0  0  0  1
74	3	0	2	3	1	1	1	"Stormwing Armor"			148	90	0	90	400	200	33	0	0	0	0	0  3  0  0  0  0  0
75	3	0	2	2	1	1	1	"Light Lord Armor"			148	61	0	90	400	14	31	127	0	0	0	0  0  3  0  0  0  0
76	3	0	2	3	1	1	1	"Magic Knight Armor"			148	75	0	90	400	48	17	142	0	0	0	0  0  0  3  0  0  0
78	3	0	2	3	1	1	0	"Dragon Armor-J"			59	39	0	68	0	120	30	0	0	0	4	0  1  0  1  0  0  0
79	3	0	2	2	1	1	0	"Legendary Armor-J"			56	24	0	42	0	40	0	0	0	0	4	1  0  0  1  0  0  0
80	3	0	2	2	1	1	0	"Guardian Armor-J"			57	31	0	45	0	40	80	0	0	0	4	0  0  1  0  0  0  0
81	3	0	2	3	1	1	0	"Light Plate Armor-J"			62	27	0	42	0	70	20	0	0	0	4	0  0  0  0  1  0  0
82	3	0	2	2	1	1	0	"Red Wing Armor-J"			56	30	0	42	0	35	8	0	0	0	4	0  0  0  0  0  1  0
83	3	0	2	3	1	1	0	"Sacred Fire Armor-J"			66	45	0	52	0	85	0	0	75	0	1	0  0  0  0  0  0  1
end

//Index	Slot	Skill	X	Y	Serial	Option	Drop	Name					level	Def	MagDef	Dur	ReqLvl	ReqStr	ReqDex	ReqEne	ReqVit	ReqCmd	SetA	C0 C1 C2 C3 C4 C5 C6
9
0	4	0	2	2	1	1	1	"Bronze Pants"				15	10	0	34	0	80	20	0	0	0	4	0  1  0  1  1  0  0
1	4	0	2	2	1	1	1	"Dragon Pants"				55	26	0	68	0	120	30	0	0	0	4	0  1  0  1  0  0  0
2	4	0	2	2	1	1	1	"Pad Pants"				8	5	0	28	0	30	0	0	0	0	4	1  0  0  1  0  0  0
3	4	0	2	2	1	1	1	"Legendary Pants"			53	20	0	42	0	40	0	0	0	0	4	1  0  0  1  0  0  0
4	4	0	2	2	1	1	1	"Bone Pants"				20	10	0	30	0	40	0	0	0	0	4	1  0  0  1  0  0  0
5	4	0	2	2	1	1	1	"Leather Pants"				8	7	0	30	0	80	0	0	0	0	4	0  1  0  1  1  0  1
6	4	0	2	2	1	1	1	"Scale Pants"				25	14	0	40	0	110	0	0	0	0	4	0  1  0  1  1  0  1
7	4	0	2	2	1	1	1	"Sphinx Pants"				34	15	0	36	0	40	0	0	0	0	4	1  0  0  1  0  0  0
8	4	0	2	2	1	1	1	"Brass Pants"				35	18	0	44	0	100	30	0	0	0	4	0  1  0  1  0  0  1
9	4	0	2	2	1	1	1	"Plate Pants"				45	22	0	50	0	130	0	0	0	0	4	0  1  0  1  0  0  1
10	4	0	2	2	1	1	1	"Vine Pants"				8	6	0	22	0	30	60	0	0	0	4	0  0  1  0  0  0  0
11	4	0	2	2	1	1	1	"Silk Pants"				18	10	0	26	0	30	70	0	0	0	4	0  0  1  0  0  0  0
12	4	0	2	2	1	1	1	"Wind Pants"				30	14	0	32	0	30	80	0	0	0	4	0  0  1  0  0  0  0
13	4	0	2	2	1	1	1	"Spirit Pants"				42	18	0	38	0	40	80	0	0	0	4	0  0  1  0  0  0  0
14	4	0	2	2	1	1	1	"Guardian Pants"			54	25	0	45	0	40	80	0	0	0	4	0  0  1  0  0  0  0
15	4	0	2	2	1	1	1	"Storm Crow Pants"			74	34	0	80	0	150	70	0	0	0	4	0  0  0  1  0  0  0
16	4	0	2	2	1	1	1	"Black Dragon Pants"			84	40	0	74	0	170	60	0	0	0	4	0  1  0  0  0  0  0
17	4	0	2	2	1	1	1	"Dark Phoenix Pants"			96	54	0	80	0	207	63	0	0	0	4	0  2  0  0  0  0  0
18	4	0	2	2	1	1	1	"Grand Soul Pants"			86	30	0	67	0	59	20	0	0	0	4	2  0  0  0  0  0  0
19	4	0	2	2	1	1	1	"Holy Spirit Pants"			88	39	0	74	0	50	110	0	0	0	4	0  0  2  0  0  0  0
20	4	0	2	2	1	1	1	"Thunder Hawk Pants"			99	49	0	82	0	150	70	0	0	0	4	0  0  0  1  0  0  0
21	4	0	2	2	1	1	1	"Great Dragon Pants"			113	65	0	86	0	200	58	0	0	0	4	0  2  0  0  0  0  0
22	4	0	2	2	1	1	1	"Dark Soul Pants"			117	39	0	75	0	55	18	0	0	0	4	2  0  0  0  0  0  0
23	4	0	2	2	1	1	1	"Hurricane Pants"			122	61	0	90	0	162	66	0	0	0	4	0  0  0  1  0  0  0
24	4	0	2	2	1	1	1	"Red Spirit Pants"			100	48	0	80	0	52	115	0	0	0	4	0  0  2  0  0  0  0
25	4	0	2	2	1	1	1	"Light Plate Pants"			50	21	0	42	0	70	20	0	0	0	4	0  0  0  0  1  0  0
26	4	0	2	2	1	1	1	"Adamantine Pants"			70	26	0	56	0	77	21	0	0	0	4	0  0  0  0  1  0  0
27	4	0	2	2	1	1	1	"Dark Steel Pants"			92	31	0	70	0	84	22	0	0	0	4	0  0  0  0  1  0  0
28	4	0	2	2	1	1	1	"Dark Master Pants"			110	39	0	78	0	80	21	0	0	0	4	0  0  0  0  1  0  0
29	4	0	2	2	1	1	1	"Dragon Knight Pants"			134	78	0	90	380	170	60	0	0	0	0	0  2  0  0  0  0  0
30	4	0	2	2	1	1	1	"Venom Mist Pants"			135	55	0	86	380	44	15	0	0	0	0	2  0  0  0  0  0  0
31	4	0	2	2	1	1	1	"Sylphid Ray Pants"			135	61	0	86	380	38	80	0	0	0	0	0  0  2  0  0  0  0
32	4	0	2	2	1	1	1	"Volcano Pants"				135	74	0	95	380	145	60	0	0	0	0	0  0  0  1  0  0  0
33	4	0	2	2	1	1	1	"Sunlight Pants"			140	52	0	82	380	62	16	0	0	0	0	0  0  0  0  1  0  0
34	4	0	2	2	1	1	1	"Ashcrow Pants"				69	33	0	72	0	160	50	0	0	0	0	0  1  0  0  0  0  0
35	4	0	2	2	1	1	1	"Eclipse Pants"				69	25	0	54	0	53	12	0	0	0	4	1  0  0  0  0  0  0
36	4	0	2	2	1	1	1	"Iris Pants"				69	32	0	59	0	50	70	0	0	0	4	0  0  1  0  0  0  0
37	4	0	2	2	1	1	1	"Valiant Pants"				101	41	0	81	0	155	50	0	0	0	4	0  0  0  1  0  0  0
38	4	0	2	2	1	1	1	"Glorious Pants"			101	35	0	74	0	80	21	0	0	0	4	0  0  0  0  1  0  0
39	4	0	2	2	1	1	1	"Violent Wind Pants"			30	16	0	36	0	36	0	0	0	0	4	0  0  0  0  0  1  0
40	4	0	2	2	1	1	1	"Red Wing Pants"			53	22	0	42	0	35	7	0	0	0	4	0  0  0  0  0  1  0
41	4	0	2	2	1	1	1	"Ancient Pants"				72	28	0	54	0	49	16	0	0	0	4	0  0  0  0  0  1  0
42	4	0	2	2	1	1	1	"Demonic Pants"				86	37	0	67	0	60	20	0	0	0	4	0  0  0  0  0  2  0
43	4	0	2	2	1	1	1	"Storm Blitz Pants"			117	49	0	75	380	57	19	0	0	0	0	0  0  0  0  0  2  0
44	4	0	2	2	1	1	1	"Eternal Wing Pants"			122	41	0	86	380	62	20	170	0	0	0	0  0  0  0  0  2  0
45	4	0	2	2	1	1	1	"Titan  Pants"				116	74	0	86	380	222	32	0	0	0	0	0  1  0  0  0  0  0
46	4	0	2	2	1	1	1	"Brave Pants"				112	58	0	86	380	74	162	0	0	0	0	0  1  0  0  0  0  0
47	4	0	2	2	1	1	1	"Phantom  Pants"			115	66	0	86	380	212	57	0	0	0	0	0  0  0  1  0  0  0
48	4	0	2	2	1	1	1	"Destroy Pants"				113	51	0	86	380	62	19	165	0	0	0	0  0  0  1  0  0  0
49	4	0	2	2	1	1	1	"Seraphim Pants"			116	53	0	86	380	55	197	0	0	0	0	0  0  1  0  0  0  0
50	4	0	2	2	1	1	1	"Divine Pants"				109	46	0	86	380	32	29	138	0	0	0	0  0  1  0  0  0  0
51	4	0	2	2	1	1	1	"Royal Pants"				116	46	0	86	380	105	38	0	0	0	0	0  0  0  0  1  0  0
52	4	0	2	2	1	1	1	"Hades Pants"				114	44	0	86	380	60	15	181	0	0	0	1  0  0  0  0  0  0
53	4	0	2	2	1	1	1	"Succubus Pants"			145	50	0	90	400	56	19	157	0	0	0	0  0  0  0  0  3  0
54	4	0	2	2	1	1	1	"Lazy Wind Pants"			145	75	0	90	400	67	151	0	0	0	0	0  3  0  0  0  0  0
55	4	0	2	2	1	1	1	"Dark Devil Pants"			145	53	0	90	400	45	13	171	0	0	0	3  0  0  0  0  0  0
56	4	0	2	2	1	1	1	"Sticky Pants"				145	62	0	90	400	48	180	0	0	0	0	0  0  3  0  0  0  0
57	4	0	2	2	1	1	1	"Hell Night Pants"			145	75	0	90	400	194	52	0	0	0	0	0  0  0  3  0  0  0
58	4	0	2	2	1	1	1	"Ambition Pants"			145	55	0	90	400	112	22	0	0	0	0	0  0  0  0  3  0  0
59	4	0	2	2	1	1	0	"Sacred Fire Pants"			62	33	0	52	0	85	0	0	75	0	2	0  0  0  0  0  0  1
60	4	0	2	2	1	1	0	"Storm Jahad Pants"			78	41	0	68	0	100	0	0	90	0	0	0  0  0  0  0  0  1
61	4	0	2	2	1	1	0	"Piercing Groove Pants"			95	49	0	82	0	115	0	0	100	0	2	0  0  0  0  0  0  1
62	4	0	2	2	1	1	0	"Scale Pants"				25	18	0	255	1	0	0	0	0	0	4	0  1  0  1  1  0  1
63	4	0	2	2	1	1	0	"Silk Pants"				18	13	0	255	1	0	0	0	0	0	4	0  0  1  0  0  0  0
64	4	0	2	2	1	1	0	"Sphinx Pants"				34	19	0	255	1	0	0	0	0	0	4	1  0  0  1  0  0  0
65	4	0	2	2	1	1	0	"Violent Wind Pants"			30	20	0	255	1	0	0	0	0	0	4	0  0  0  0  0  1  0
66	4	0	2	2	1	1	0	"Dark Soul Pants"			70	31	0	255	150	0	0	0	0	0	4	0  0  0  0  1  0  0
67	4	0	2	2	1	1	0	"Dragon Pants"				55	28	0	255	150	0	0	0	0	0	4	0  1  0  1  0  0  0
68	4	0	2	2	1	1	0	"Guardian Pants"			54	30	0	255	150	0	0	0	0	0	4	0  0  1  0  0  0  0
69	4	0	2	2	1	1	0	"Legendary Pants"			53	25	0	255	150	0	0	0	0	0	4	1  0  0  1  0  0  0
70	4	0	2	2	1	1	0	"Red Wing Pants"			53	26	0	255	150	0	0	0	0	0	4	0  0  0  0  0  1  0
71	4	0	2	2	1	1	0	"Atlans Pants"				74	39	0	255	150	0	0	0	0	0	4	0  0  0  1  0  0  0
72	4	0	2	2	1	1	0	"Storm Jahad Pants"			78	33	0	255	150	0	0	0	0	0	4	0  0  0  0  0  0  1
73	4	0	2	2	1	1	1	"Phoenix Soul Pants"			134	68	0	88	380	97	0	0	85	0	0	0  0  0  0  0  0  1
74	4	0	2	2	1	1	1	"Stormwing Pants"			145	83	0	90	400	200	33	0	0	0	0	0  3  0  0  0  0  0
75	4	0	2	2	1	1	1	"Light Lord Pants"			145	55	0	90	400	14	31	127	0	0	0	0  0  3  0  0  0  0
76	4	0	2	2	1	1	1	"Magic Knight Pants"			145	60	0	90	400	48	17	142	0	0	0	0  0  0  3  0  0  0
78	4	0	2	2	1	1	0	"Dragon Pants-J"			55	28	0	68	0	120	30	0	0	0	4	0  1  0  1  0  0  0
79	4	0	2	2	1	1	0	"Legendary Pants-J"			53	22	0	42	0	40	0	0	0	0	4	1  0  0  1  0  0  0
80	4	0	2	2	1	1	0	"Guardian Pants-J"			54	27	0	45	0	40	80	0	0	0	4	0  0  1  0  0  0  0
81	4	0	2	2	1	1	0	"Light Plate Pants-J"			50	23	0	42	0	70	20	0	0	0	4	0  0  0  0  1  0  0
82	4	0	2	2	1	1	0	"Red Wing Pants-J"			53	24	0	42	0	35	7	0	0	0	4	0  0  0  0  0  1  0
83	4	0	2	2	1	1	0	"Sacred Fire Pants-J"			62	35	0	52	0	85	0	0	75	0	2	0  0  0  0  0  0  1
end

//Index	Slot	Skill	X	Y	Serial	Option	Drop	Name					level	Def	ASpeed	Dur	ReqLvl	ReqStr	ReqDex	ReqEne	ReqVit	ReqCmd	SetA	C0 C1 C2 C3 C4 C5 C6
10
0	5	0	2	2	1	1	1	"Bronze Gloves"				13	4	4	34	0	80	20	0	0	0	4	0  1  0  1  1  0  0
1	5	0	2	2	1	1	1	"Dragon Gloves"				52	14	6	68	0	120	30	0	0	0	4	0  1  0  1  0  0  0
2	5	0	2	2	1	1	1	"Pad Gloves"				3	2	0	28	0	20	0	0	0	0	4	1  0  0  1  0  0  0
3	5	0	2	2	1	1	1	"Legendary Gloves"			44	11	0	42	0	20	0	0	0	0	4	1  0  0  1  0  0  0
4	5	0	2	2	1	1	1	"Bone Gloves"				14	5	0	30	0	20	0	0	0	0	4	1  0  0  1  0  0  0
5	5	0	2	2	1	1	1	"Leather Gloves"			4	2	8	30	0	80	0	0	0	0	4	0  1  0  1  1  0  0
6	5	0	2	2	1	1	1	"Scale Gloves"				22	7	10	40	0	110	0	0	0	0	4	0  1  0  1  1  0  0
7	5	0	2	2	1	1	1	"Sphinx Gloves"				28	8	0	36	0	20	0	0	0	0	4	1  0  0  1  0  0  0
8	5	0	2	2	1	1	1	"Brass Gloves"				32	9	8	44	0	100	30	0	0	0	4	0  1  0  1  0  0  0
9	5	0	2	2	1	1	1	"Plate Gloves"				42	12	4	50	0	130	0	0	0	0	4	0  1  0  1  0  0  0
10	5	0	2	2	1	1	1	"Vine Gloves"				4	2	4	22	0	30	60	0	0	0	4	0  0  1  0  0  0  0
11	5	0	2	2	1	1	1	"Silk Gloves"				14	4	8	26	0	30	70	0	0	0	4	0  0  1  0  0  0  0
12	5	0	2	2	1	1	1	"Wind Gloves"				26	6	10	32	0	30	80	0	0	0	4	0  0  1  0  0  0  0
13	5	0	2	2	1	1	1	"Spirit Gloves"				38	9	4	38	0	40	80	0	0	0	4	0  0  1  0  0  0  0
14	5	0	2	2	1	1	1	"Guardian Gloves"			50	15	6	45	0	40	80	0	0	0	4	0  0  1  0  0  0  0
15	5	0	2	2	1	1	1	"Storm Crow Gloves"			70	20	6	80	0	150	70	0	0	0	4	0  0  0  1  0  0  0
16	5	0	2	2	1	1	1	"Black Dragon Gloves"			76	22	6	74	0	170	60	0	0	0	4	0  1  0  0  0  0  0
17	5	0	2	2	1	1	1	"Dark Phoenix Gloves"			86	37	6	80	0	205	63	0	0	0	4	0  2  0  0  0  0  0
18	5	0	2	2	1	1	1	"Grand Soul Gloves"			70	20	5	67	0	49	10	0	0	0	4	2  0  0  0  0  0  0
19	5	0	2	2	1	1	1	"Holy Spirit Gloves"			72	29	6	74	0	50	110	0	0	0	4	0  0  2  0  0  0  0
20	5	0	2	2	1	1	1	"Thunder Hawk Gloves"			88	34	7	82	0	150	70	0	0	0	4	0  0  0  1  0  0  0
21	5	0	2	2	1	1	1	"Great Dragon Gloves"			94	48	6	86	0	200	58	0	0	0	4	0  2  0  0  0  0  0
22	5	0	2	2	1	1	1	"Dark Soul Gloves"			87	30	6	75	0	55	18	0	0	0	4	2  0  0  0  0  0  0
23	5	0	2	2	1	1	1	"Hurricane Gloves"			102	45	7	90	0	162	66	0	0	0	4	0  0  0  1  0  0  0
24	5	0	2	2	1	1	1	"Red Spirit Gloves"			84	38	6	80	0	52	115	0	0	0	4	0  0  2  0  0  0  0
25	5	0	2	2	1	1	1	"Light Plate Gloves"			42	12	7	42	0	70	20	0	0	0	4	0  0  0  0  1  0  0
26	5	0	2	2	1	1	1	"Adamantine Gloves"			57	18	6	56	0	77	21	0	0	0	4	0  0  0  0  1  0  0
27	5	0	2	2	1	1	1	"Dark Steel Gloves"			75	21	5	70	0	84	22	0	0	0	4	0  0  0  0  1  0  0
28	5	0	2	2	1	1	1	"Dark Master Gloves"			89	29	4	78	0	80	21	0	0	0	4	0  0  0  0  1  0  0
29	5	0	2	2	1	1	1	"Dragon Knight Gloves"			114	60	7	90	380	170	60	0	0	0	0	0  2  0  0  0  0  0
30	5	0	2	2	1	1	1	"Venom Mist Gloves"			111	44	7	86	380	44	15	0	0	0	0	2  0  0  0  0  0  0
31	5	0	2	2	1	1	1	"Sylphid Ray Gloves"			111	50	7	86	380	38	80	0	0	0	0	0  0  2  0  0  0  0
32	5	0	2	2	1	1	1	"Volcano Gloves"			127	55	7	95	380	145	60	0	0	0	0	0  0  0  1  0  0  0
33	5	0	2	2	1	1	1	"Sunlight Gloves"			110	40	5	82	380	62	16	0	0	0	0	0  0  0  0  1  0  0
34	5	0	2	2	1	1	1	"Ashcrow Gloves"			61	18	6	72	0	160	50	0	0	0	0	0  1  0  0  0  0  0
35	5	0	2	2	1	1	1	"Eclipse Gloves"			61	15	6	54	0	53	12	0	0	0	4	1  0  0  0  0  0  0
36	5	0	2	2	1	1	1	"Iris Gloves"				61	22	6	59	0	50	70	0	0	0	4	0  0  1  0  0  0  0
37	5	0	2	2	1	1	1	"Valiant Gloves"			91	27	7	81	0	155	50	0	0	0	4	0  0  0  1  0  0  0
38	5	0	2	2	1	1	1	"Glorious Gloves"			91	25	5	74	0	80	21	0	0	0	4	0  0  0  0  1  0  0
39	5	0	2	2	1	1	1	"Violent Wind Gloves"			24	9	6	36	0	22	0	0	0	0	4	0  0  0  0  0  1  0
40	5	0	2	2	1	1	1	"Red Wing Gloves"			44	13	8	42	0	18	4	0	0	0	4	0  0  0  0  0  1  0
41	5	0	2	2	1	1	1	"Ancient Gloves"			61	19	7	54	0	52	16	0	0	0	4	0  0  0  0  0  1  0
42	5	0	2	2	1	1	1	"Demonic Gloves"			70	26	6	67	0	50	10	0	0	0	4	0  0  0  0  0  2  0
43	5	0	2	2	1	1	1	"Storm Blitz Gloves"			87	34	6	75	380	56	20	0	0	0	0	0  0  0  0  0  2  0
44	5	0	2	2	1	1	1	"Eternal Wing Gloves"			102	29	0	86	380	62	20	170	0	0	0	0  0  0  0  0  2  0
45	5	0	2	2	1	1	1	"Titan  Gloves"				100	56	7	86	380	222	32	0	0	0	0	0  1  0  0  0  0  0
46	5	0	2	2	1	1	1	"Brave Gloves"				97	42	7	86	380	74	162	0	0	0	0	0  1  0  0  0  0  0
47	5	0	2	2	1	1	1	"Phantom  Gloves"			101	49	7	86	380	212	57	0	0	0	0	0  0  0  1  0  0  0
48	5	0	2	2	1	1	1	"Destroy Gloves"			99	40	7	86	380	62	19	165	0	0	0	0  0  0  1  0  0  0
49	5	0	2	2	1	1	1	"Seraphim Gloves"			100	43	7	86	380	55	197	0	0	0	0	0  0  1  0  0  0  0
50	5	0	2	2	1	1	1	"Divine Gloves"				95	36	7	86	380	32	29	138	0	0	0	0  0  1  0  0  0  0
51	5	0	2	2	1	1	1	"Royal Gloves"				101	34	7	86	380	105	38	0	0	0	0	0  0  0  0  1  0  0
52	5	0	2	2	1	1	1	"Hades Gloves"				100	31	7	86	380	60	15	181	0	0	0	1  0  0  0  0  0  0
53	5	0	2	2	1	1	1	"Succubus Gloves"			142	38	6	90	400	56	19	157	0	0	0	0  0  0  0  0  3  0
54	5	0	2	2	1	1	1	"Lazy Wind Gloves"			142	59	7	90	400	67	151	0	0	0	0	0  3  0  0  0  0  0
55	5	0	2	2	1	1	1	"Dark Devil Gloves"			142	40	7	90	400	45	13	171	0	0	0	3  0  0  0  0  0  0
56	5	0	2	2	1	1	1	"Sticky Gloves"				142	52	7	90	400	48	180	0	0	0	0	0  0  3  0  0  0  0
57	5	0	2	2	1	1	1	"Hell Night Gloves"			142	58	7	90	400	194	52	0	0	0	0	0  0  0  3  0  0  0
58	5	0	2	2	1	1	1	"Ambition Gloves"			142	43	7	90	400	112	22	0	0	0	0	0  0  0  0  3  0  0
62	5	0	2	2	1	1	0	"Scale Gloves"				22	10	10	255	1	0	0	0	0	0	4	0  1  0  1  1  0  1
63	5	0	2	2	1	1	0	"Silk Gloves"				14	6	8	255	1	0	0	0	0	0	4	0  0  1  0  0  0  0
64	5	0	2	2	1	1	0	"Sphinx Gloves"				28	12	0	255	1	0	0	0	0	0	4	1  0  0  1  0  0  0
65	5	0	2	2	1	1	0	"Violent Wind Gloves"			24	13	6	255	1	0	0	0	0	0	4	0  0  0  0  0  1  0
66	5	0	2	2	1	1	0	"Dark Soul Gloves"			57	20	6	255	150	0	0	0	0	0	4	0  0  0  0  1  0  0
67	5	0	2	2	1	1	0	"Dragon Gloves"				52	19	6	255	150	0	0	0	0	0	4	0  1  0  1  0  0  0
68	5	0	2	2	1	1	0	"Guardian Gloves"			50	20	6	255	150	0	0	0	0	0	4	0  0  1  0  0  0  0
69	5	0	2	2	1	1	0	"Legendary Gloves"			44	16	0	255	150	0	0	0	0	0	4	1  0  0  1  0  0  0
70	5	0	2	2	1	1	0	"Red Wing Gloves"			44	18	8	255	150	0	0	0	0	0	4	0  0  0  0  0  1  0
71	5	0	2	2	1	1	0	"Atlans Gloves"				70	25	6	255	150	0	0	0	0	0	4	0  0  0  1  0  0  0
74	5	0	2	2	1	1	1	"Stormwing Gloves"			142	65	7	90	400	200	33	0	0	0	0	0  3  0  0  0  0  0
75	5	0	2	2	1	1	1	"Light Lord Gloves"			142	45	7	90	400	14	31	127	0	0	0	0  0  3  0  0  0  0
76	5	0	2	2	1	1	1	"Magic Knight Gloves"			142	49	7	90	400	48	17	142	0	0	0	0  0  0  3  0  0  0
78	5	0	2	2	1	1	0	"Dragon Gloves-J"			52	16	6	68	0	120	30	0	0	0	4	0  1  0  1  0  0  0
79	5	0	2	2	1	1	0	"Legendary Gloves-J"			44	13	0	42	0	20	0	0	0	0	4	1  0  0  1  0  0  0
80	5	0	2	2	1	1	0	"Guardian Gloves-J"			50	17	6	45	0	40	80	0	0	0	4	0  0  1  0  0  0  0
81	5	0	2	2	1	1	0	"Light Plate Gloves-J"			42	14	7	42	0	70	20	0	0	0	4	0  0  0  0  1  0  0
82	5	0	2	2	1	1	0	"Red Wing Gloves-J"			44	15	8	42	0	18	4	0	0	0	4	0  0  0  0  0  1  0
end

//Index	Slot	Skill	X	Y	Serial	Option	Drop	Name					level	Def	WSpeed	Dur	ReqLvl	ReqStr	ReqDex	ReqEne	ReqVit	ReqCmd	SetA	C0 C1 C2 C3 C4 C5 C6
11
0	6	0	2	2	1	1	1	"Bronze Boots"				12	4	10	34	0	80	20	0	0	0	4	0  1  0  1  1  0  0
1	6	0	2	2	1	1	1	"Dragon Boots"				54	15	2	68	0	120	30	0	0	0	4	0  1  0  1  0  0  0
2	6	0	2	2	1	1	1	"Pad Boots"				4	3	10	28	0	20	0	0	0	0	4	1  0  0  1  0  0  0
3	6	0	2	2	1	1	1	"Legendary Boots"			46	12	0	42	0	30	0	0	0	0	4	1  0  0  1  0  0  0
4	6	0	2	2	1	1	1	"Bone Boots"				16	6	6	30	0	30	0	0	0	0	4	1  0  0  1  0  0  0
5	6	0	2	2	1	1	1	"Leather Boots"				5	2	12	30	0	80	0	0	0	0	4	0  1  0  1  1  0  1
6	6	0	2	2	1	1	1	"Scale Boots"				22	8	8	40	0	110	0	0	0	0	4	0  1  0  1  1  0  1
7	6	0	2	2	1	1	1	"Sphinx Boots"				30	9	8	36	0	30	0	0	0	0	4	1  0  0  1  0  0  0
8	6	0	2	2	1	1	1	"Brass Boots"				32	10	6	44	0	100	30	0	0	0	4	0  1  0  1  0  0  1
9	6	0	2	2	1	1	1	"Plate Boots"				42	12	4	50	0	130	0	0	0	0	4	0  1  0  1  0  0  1
10	6	0	2	2	1	1	1	"Vine Boots"				5	2	0	22	0	30	60	0	0	0	4	0  0  1  0  0  0  0
11	6	0	2	2	1	1	1	"Silk Boots"				15	4	0	26	0	30	70	0	0	0	4	0  0  1  0  0  0  0
12	6	0	2	2	1	1	1	"Wind Boots"				27	7	0	32	0	30	80	0	0	0	4	0  0  1  0  0  0  0
13	6	0	2	2	1	1	1	"Spirit Boots"				40	10	0	38	0	40	80	0	0	0	4	0  0  1  0  0  0  0
14	6	0	2	2	1	1	1	"Guardian Boots"			52	16	0	45	0	40	80	0	0	0	4	0  0  1  0  0  0  0
15	6	0	2	2	1	1	1	"Storm Crow Boots"			72	22	2	80	0	150	70	0	0	0	4	0  0  0  1  0  0  0
16	6	0	2	2	1	1	1	"Black Dragon Boots"			78	24	2	74	0	170	60	0	0	0	4	0  1  0  0  0  0  0
17	6	0	2	2	1	1	1	"Dark Phoenix Boots"			93	40	2	80	0	198	60	0	0	0	4	0  2  0  0  0  0  0
18	6	0	2	2	1	1	1	"Grand Soul Boots"			76	22	0	67	0	59	10	0	0	0	4	2  0  0  0  0  0  0
19	6	0	2	2	1	1	1	"Holy Spirit Boots"			81	30	0	74	0	50	110	0	0	0	4	0  0  2  0  0  0  0
20	6	0	2	2	1	1	1	"Thunder Hawk Boots"			92	37	2	82	0	150	70	0	0	0	4	0  0  0  1  0  0  0
21	6	0	2	2	1	1	1	"Great Dragon Boots"			98	50	0	86	0	200	58	0	0	0	4	0  2  0  0  0  0  0
22	6	0	2	2	1	1	1	"Dark Soul Boots"			95	31	0	75	0	55	18	0	0	0	4	2  0  0  0  0  0  0
23	6	0	2	2	1	1	1	"Hurricane Boots"			110	50	0	90	0	162	66	0	0	0	4	0  0  0  1  0  0  0
24	6	0	2	2	1	1	1	"Red Spirit Boots"			87	40	0	80	0	52	115	0	0	0	4	0  0  2  0  0  0  0
25	6	0	2	2	1	1	1	"Light Plate Boots"			45	13	0	42	0	70	20	0	0	0	4	0  0  0  0  1  0  0
26	6	0	2	2	1	1	1	"Adamantine Boots"			60	20	0	56	0	77	21	0	0	0	4	0  0  0  0  1  0  0
27	6	0	2	2	1	1	1	"Dark Steel Boots"			83	25	0	70	0	84	22	0	0	0	4	0  0  0  0  1  0  0
28	6	0	2	2	1	1	1	"Dark Master Boots"			95	33	0	78	0	80	21	0	0	0	4	0  0  0  0  1  0  0
29	6	0	2	2	1	1	1	"Dragon Knight Boots"			119	63	0	90	380	170	60	0	0	0	0	0  2  0  0  0  0  0
30	6	0	2	2	1	1	1	"Venom Mist Boots"			119	47	0	86	380	44	15	0	0	0	0	2  0  0  0  0  0  0
31	6	0	2	2	1	1	1	"Sylphid Ray Boots"			119	53	0	86	380	38	80	0	0	0	0	0  0  2  0  0  0  0
32	6	0	2	2	1	1	1	"Volcano Boots"				131	61	0	95	380	145	60	0	0	0	0	0  0  0  1  0  0  0
33	6	0	2	2	1	1	1	"Sunlight Boots"			121	44	0	82	380	62	16	0	0	0	0	0  0  0  0  1  0  0
34	6	0	2	2	1	1	1	"Ashcrow Boots"				68	19	0	72	0	160	50	0	0	0	0	0  1  0  0  0  0  0
35	6	0	2	2	1	1	1	"Eclipse Boots"				68	17	0	54	0	53	12	0	0	0	4	1  0  0  0  0  0  0
36	6	0	2	2	1	1	1	"Iris Boots"				68	23	0	59	0	50	70	0	0	0	4	0  0  1  0  0  0  0
37	6	0	2	2	1	1	1	"Valiant Boots"				98	29	0	81	0	155	50	0	0	0	4	0  0  0  1  0  0  0
38	6	0	2	2	1	1	1	"Glorious Boots"			98	29	0	74	0	80	21	0	0	0	4	0  0  0  0  1  0  0
39	6	0	2	2	1	1	1	"Violent Wind Boots"			26	11	0	36	0	27	0	0	0	0	4	0  0  0  0  0  1  0
40	6	0	2	2	1	1	1	"Red Wing Boots"			46	15	0	42	0	25	4	0	0	0	4	0  0  0  0  0  1  0
41	6	0	2	2	1	1	1	"Ancient Boots"				65	21	0	54	0	53	16	0	0	0	4	0  0  0  0  0  1  0
42	6	0	2	2	1	1	1	"Demonic Boots"				76	28	0	67	0	60	10	0	0	0	4	0  0  0  0  0  2  0
43	6	0	2	2	1	1	1	"Storm Blitz Boots"			95	38	0	75	380	57	20	0	0	0	0	0  0  0  0  0  2  0
44	6	0	2	2	1	1	1	"Eternal Wing Boots"			99	32	0	86	380	62	20	170	0	0	0	0  0  0  0  0  2  0
45	6	0	2	2	1	1	1	"Titan Boots"				96	57	0	86	380	222	32	0	0	0	0	0  1  0  0  0  0  0
46	6	0	2	2	1	1	1	"Brave Boots"				93	45	0	86	380	74	162	0	0	0	0	0  1  0  0  0  0  0
47	6	0	2	2	1	1	1	"Phantom Boots"				97	54	0	86	380	212	57	0	0	0	0	0  0  0  1  0  0  0
48	6	0	2	2	1	1	1	"Destroy Boots"				94	44	0	86	380	62	19	165	0	0	0	0  0  0  1  0  0  0
49	6	0	2	2	1	1	1	"Seraphim Boots"			97	42	0	86	380	55	197	0	0	0	0	0  0  1  0  0  0  0
50	6	0	2	2	1	1	1	"Divine Boots"				92	35	0	86	380	32	29	138	0	0	0	0  0  1  0  0  0  0
51	6	0	2	2	1	1	1	"Royal Boots"				98	38	0	86	380	105	38	0	0	0	0	0  0  0  0  1  0  0
52	6	0	2	2	1	1	1	"Hades Boots"				94	34	0	86	380	60	15	181	0	0	0	1  0  0  0  0  0  0
53	6	0	2	2	1	1	1	"Succubus Boots"			140	41	0	90	400	56	19	157	0	0	0	0  0  0  0  0  3  0
54	6	0	2	2	1	1	1	"Lazy Wind Boots"			140	62	0	90	400	67	151	0	0	0	0	0  3  0  0  0  0  0
55	6	0	2	2	1	1	1	"Dark Devil Boots"			140	43	0	90	400	45	13	171	0	0	0	3  0  0  0  0  0  0
56	6	0	2	2	1	1	1	"Sticky Boots"				140	51	0	90	400	48	180	0	0	0	0	0  0  3  0  0  0  0
57	6	0	2	2	1	1	1	"Hell Night Boots"			140	63	0	90	400	194	52	0	0	0	0	0  0  0  3  0  0  0
58	6	0	2	2	1	1	1	"Ambition Boots"			140	47	0	90	400	112	22	0	0	0	0	0  0  0  0  3  0  0
59	6	0	2	2	1	1	0	"Sacred Fire Boots"			50	20	0	52	0	85	0	0	75	0	2	0  0  0  0  0  0  1
60	6	0	2	2	1	1	0	"Storm Jahad Boots"			62	28	0	68	0	100	0	0	90	0	0	0  0  0  0  0  0  1
61	6	0	2	2	1	1	0	"Piercing Groove Boots"			82	36	0	82	0	115	0	0	100	0	2	0  0  0  0  0  0  1
62	6	0	2	2	1	1	0	"Scale Boots"				22	12	8	255	1	0	0	0	0	0	4	0  1  0  1  1  0  1
63	6	0	2	2	1	1	0	"Silk Boots"				15	7	0	255	1	0	0	0	0	0	4	0  0  1  0  0  0  0
64	6	0	2	2	1	1	0	"Sphinx Boots"				30	13	8	255	1	0	0	0	0	0	4	1  0  0  1  0  0  0
65	6	0	2	2	1	1	0	"Violent Wind Boots"			26	15	0	255	1	0	0	0	0	0	4	0  0  0  0  0  1  0
66	6	0	2	2	1	1	0	"Dark Soul Boots"			60	25	0	255	150	0	0	0	0	0	4	0  0  0  0  1  0  0
67	6	0	2	2	1	1	0	"Dragon Boots"				54	20	2	255	150	0	0	0	0	0	4	0  1  0  1  0  0  0
68	6	0	2	2	1	1	0	"Guardian Boots"			52	23	0	255	150	0	0	0	0	0	4	0  0  1  0  0  0  0
69	6	0	2	2	1	1	0	"Legendary Boots"			46	17	0	255	150	0	0	0	0	0	4	1  0  0  1  0  0  0
70	6	0	2	2	1	1	0	"Red Wing Boots"			46	17	0	255	150	0	0	0	0	0	4	0  0  0  0  0  1  0
71	6	0	2	2	1	1	0	"Atlans Boots"				72	27	2	255	150	0	0	0	0	0	4	0  0  0  1  0  0  0
72	6	0	2	2	1	1	0	"Storm Jahad Boots"			62	20	0	255	150	0	0	0	0	0	4	0  0  0  0  0  0  1
73	6	0	2	2	1	1	1	"Phoenix Soul Boots"			119	57	0	88	380	97	0	0	85	0	0	0  0  0  0  0  0  1
74	6	0	2	2	1	1	1	"Stormwing Boots"			140	66	0	90	400	200	33	0	0	0	0	0  3  0  0  0  0  0
75	6	0	2	2	1	1	1	"Light Lord Boots"			140	44	0	90	400	14	31	127	0	0	0	0  0  3  0  0  0  0
76	6	0	2	2	1	1	1	"Magic Knight Boots"			140	53	0	90	400	48	17	142	0	0	0	0  0  0  3  0  0  0
78	6	0	2	2	1	1	0	"Dragon Boots-J"			54	17	2	68	0	120	30	0	0	0	4	0  1  0  1  0  0  0
79	6	0	2	2	1	1	0	"Legendary Boots-J"			46	14	0	42	0	30	0	0	0	0	4	1  0  0  1  0  0  0
80	6	0	2	2	1	1	0	"Guardian Boots-J"			52	18	0	45	0	40	80	0	0	0	4	0  0  1  0  0  0  0
81	6	0	2	2	1	1	0	"Light Plate Boots-J"			45	15	0	42	0	70	20	0	0	0	4	0  0  0  0  1  0  0
82	6	0	2	2	1	1	0	"Red Wing Boots-J"			46	17	0	42	0	25	4	0	0	0	4	0  0  0  0  0  1  0
83	6	0	2	2	1	1	0	"Sacred Fire Boots-J"			50	22	0	52	0	85	0	0	75	0	2	0  0  0  0  0  0  1
end

//Index	Slot	Skill	X	Y	Serial	Option	Drop	Name					level	Def	Dur	ReqLvl	ReqEne	ReqStr	ReqDex	ReqCmd Money	C0 C1 C2 C3 C4 C5 C6
12
0	7	0	3	2	1	1	0	"Wings of Elf"				100	10	200	180	0	0	0	0	0	0  0  1  0  0  0  0
1	7	0	5	3	1	1	0	"Wings of Heaven"			100	10	200	180	0	0	0	0	0	1  0  0  1  0  0  0
2	7	0	5	2	1	1	0	"Wings of Satan"			100	20	200	180	0	0	0	0	0	0  1  0  1  0  0  0
3	7	0	5	3	1	1	0	"Wings of Spirits"			150	30	200	215	0	0	0	0	0	0  0  2  0  0  0  0
4	7	0	5	3	1	1	0	"Wings of Soul"				150	30	200	215	0	0	0	0	0	2  0  0  0  0  0  0
5	7	0	3	3	1	1	0	"Wings of Dragon"			150	45	200	215	0	0	0	0	0	0  2  0  0  0  0  0
6	7	0	4	2	1	1	0	"Wings of Darkness"			150	40	200	215	0	0	0	0	0	0  0  0  1  0  0  0
7	-1	0	1	1	1	1	1	"Orb of Twisting Slash"			47	0	0	80	0	0	0	0	29000	0  1  0  1  0  0  0
8	-1	0	1	1	1	1	1	"Healing Orb"				8	0	0	0	100	0	0	0	800	0  0  1  0  0  0  0
9	-1	0	1	1	1	1	1	"Orb of Greater Fortitude"		13	0	0	0	100	0	0	0	3000	0  0  1  0  0  0  0
10	-1	0	1	1	1	1	1	"Orb of Greater Damage"			18	0	0	0	100	0	0	0	7000	0  0  1  0  0  0  0
11	-1	0	1	1	1	1	1	"Orb of Summoning"			3	0	0	0	0	0	0	0	150	0  0  1  0  0  0  0
12	-1	0	1	1	1	1	1	"Orb of Rageful Blow"			78	0	0	170	0	0	0	0	150000	0  2  0  0  0  0  0
13	-1	0	1	1	1	1	1	"Orb of Impale"				20	0	0	28	0	0	0	0	10000	0  1  0  1  0  0  0
14	-1	0	1	1	1	1	1	"Orb of Greater Fortitude"		60	0	0	120	0	0	0	0	43000	0  1  0  0  0  0  0
15	-1	0	1	1	1	1	0	"Jewel of Chaos"			12	0	0	0	0	0	0	0	0	1  1  1  1  1  0  0
16	-1	0	1	1	1	1	1	"Orb of Fire Slash"			60	0	0	0	0	320	0	0	51000	0  0  0  1  0  0  0
17	-1	0	1	1	1	1	1	"Orb of Penetration"			64	0	0	130	0	0	0	0	72000	0  0  1  0  0  0  0
18	-1	0	1	1	1	1	1	"Orb of Ice Arrow"			81	0	0	0	0	0	258	0	195000	0  0  2  0  0  0  0
19	-1	0	1	1	1	1	1	"Orb of Death Stab"			72	0	0	160	0	0	0	0	85000	0  2  0  0  0  0  0
21	-1	0	1	2	1	1	1	"Scroll of FireBurst"			74	0	0	0	20	0	0	0	115000	0  0  0  0  1  0  0
22	-1	0	1	2	1	1	1	"Scroll of Summon"			98	0	0	0	34	0	0	400	375000	0  0  0  0  1  0  0
23	-1	0	1	2	1	1	1	"Scroll of Critical Damage"		82	0	0	0	25	0	0	300	220000	0  0  0  0  1  0  0
24	-1	0	1	2	1	1	1	"Scroll of Electric Spark"		92	0	0	0	29	0	0	340	295000	0  0  0  0  1  0  0
26	-1	0	1	1	1	1	0	"gem of secret"				0	0	0	0	0	0	0	0	0	1  1  1  1  1  1  0
30	-1	0	1	1	1	1	0	"bundle of Jewel of Bless"		25	0	0	0	0	0	0	0	0	1  1  1  1  1  1  0
31	-1	0	1	1	1	1	0	"bundle of Jewel of Soul"		30	0	0	0	0	0	0	0	0	1  1  1  1  1  1  0
32	-1	0	1	1	1	1	1	"box of red ribbon"			0	0	0	0	0	0	0	0	0	1  1  1  1  1  1  0
33	-1	0	1	1	1	1	1	"box of green ribbon"			0	0	0	0	0	0	0	0	0	1  1  1  1  1  1  0
34	-1	0	1	1	1	1	1	"box of blue ribbon"			0	0	0	0	0	0	0	0	0	1  1  1  1  1  1  0
35	-1	0	1	2	1	1	1	"Scroll of Fire Scream"			102	0	0	0	32	0	0	70	300000	0  0  0  0  1  0  0
36	7	0	4	3	1	1	0	"Wing of Storm"				150	60	220	400	0	0	0	0	0	0  3  0  0  0  0  0
37	7	0	4	3	1	1	0	"Wing of Eternal"			150	45	220	400	0	0	0	0	0	3  0  0  0  0  0  0
38	7	0	4	3	1	1	0	"Wing of Illusion"			150	45	220	400	0	0	0	0	0	0  0  3  0  0  0  0
39	7	0	4	3	1	1	0	"Wing of Ruin"				150	55	220	400	0	0	0	0	0	0  0  0  3  0  0  0
40	7	0	2	3	1	1	0	"Cape of Emperor"			150	45	220	400	0	0	0	0	0	0  0  0  0  3  0  0
41	7	0	4	2	1	1	0	"Wing of Curse"				100	10	200	180	0	0	0	0	0	0  0  0  0  0  1  0
42	7	0	4	3	1	1	0	"Wind of Despair"			150	30	200	215	0	0	0	0	0	0  0  0  0  0  2  0
43	7	0	4	3	1	1	0	"Wing of Dimension"			150	45	220	400	0	0	0	0	0	0  0  0  0  0  3  0
44	-1	0	1	1	1	1	0	"Crystal of Destruction"		100	0	0	220	0	0	0	0	380000	0  2  0  0  0  0  0
45	-1	0	1	1	1	1	0	"Crystal of Multi-Shot"			100	0	0	220	0	0	0	0	380000	0  0  2  0  0  0  0
46	-1	0	1	1	1	1	0	"Crystal of Recovery"			100	0	0	220	37	0	0	0	250000	0  0  2  0  0  0  0
47	-1	0	1	1	1	1	0	"Crystal of Flame Strike"		100	0	0	220	0	0	0	0	380000	0  0  0  1  0  0  0
48	-1	0	1	2	1	1	1	"Scroll of Chaotic Diseier"		100	0	0	220	16	0	0	0	380000	0  0  0  0  1  0  0
49	7	0	2	3	1	1	0	"Cape of Fighter"			180	15	200	180	0	0	0	0	0	0  0  0  0  0  0  1
50	7	0	2	3	1	1	0	"Cape of Overrule"			150	45	220	400	0	0	0	0	0	0  0  0  0  0  0  3
60	-1	0	1	1	1	1	1	"Seed (Fire)"				150	0	0	0	0	0	0	0	500000	1  1  1  1  1  1  1
61	-1	0	1	1	1	1	1	"Seed (Water)"				150	0	0	0	0	0	0	0	500000	1  1  1  1  1  1  1
62	-1	0	1	1	1	1	1	"Seed (Ice)"				150	0	0	0	0	0	0	0	500000	1  1  1  1  1  1  1
63	-1	0	1	1	1	1	1	"Seed (Wind)"				150	0	0	0	0	0	0	0	500000	1  1  1  1  1  1  1
64	-1	0	1	1	1	1	1	"Seed (Lightning)"			150	0	0	0	0	0	0	0	500000	1  1  1  1  1  1  1
65	-1	0	1	1	1	1	1	"Seed (Earth)"				150	0	0	0	0	0	0	0	500000	1  1  1  1  1  1  1
70	-1	0	1	1	1	1	1	"Sphere (Mono)"				102	0	0	0	0	0	0	0	100000	1  1  1  1  1  1  1
71	-1	0	1	1	1	1	1	"Sphere (Di)"				122	0	0	0	0	0	0	0	150000	1  1  1  1  1  1  1
72	-1	0	1	1	1	1	1	"Sphere (Tri)"				132	0	0	0	0	0	0	0	200000	1  1  1  1  1  1  1
100	-1	0	1	1	1	1	1	"Seed Sphere (Fire)"			1	0	0	0	0	0	0	0	1050000	1  1  1  1  1  1  1
101	-1	0	1	1	1	1	1	"Seed Sphere (Water)"			1	0	0	0	0	0	0	0	1050000	1  1  1  1  1  1  1
102	-1	0	1	1	1	1	1	"Seed Sphere (Ice)"			1	0	0	0	0	0	0	0	1050000	1  1  1  1  1  1  1
103	-1	0	1	1	1	1	1	"Seed Sphere (Wind)"			1	0	0	0	0	0	0	0	1050000	1  1  1  1  1  1  1
104	-1	0	1	1	1	1	1	"Seed Sphere (Lightning)"		1	0	0	0	0	0	0	0	1050000	1  1  1  1  1  1  1
105	-1	0	1	1	1	1	1	"Seed Sphere (Earth)"			1	0	0	0	0	0	0	0	1050000	1  1  1  1  1  1  1
106	-1	0	1	1	1	1	1	"Seed Sphere (Fire)"			2	0	0	0	0	0	0	0	1125000	1  1  1  1  1  1  1
107	-1	0	1	1	1	1	1	"Seed Sphere (Water)"			2	0	0	0	0	0	0	0	1125000	1  1  1  1  1  1  1
108	-1	0	1	1	1	1	1	"Seed Sphere (Ice)"			2	0	0	0	0	0	0	0	1125000	1  1  1  1  1  1  1
109	-1	0	1	1	1	1	1	"Seed Sphere (Wind)"			2	0	0	0	0	0	0	0	1125000	1  1  1  1  1  1  1
110	-1	0	1	1	1	1	1	"Seed Sphere (Lightning)"		2	0	0	0	0	0	0	0	1125000	1  1  1  1  1  1  1
111	-1	0	1	1	1	1	1	"Seed Sphere (Earth)"			2	0	0	0	0	0	0	0	1125000	1  1  1  1  1  1  1
112	-1	0	1	1	1	1	1	"Seed Sphere (Fire)"			3	0	0	0	0	0	0	0	1200000	1  1  1  1  1  1  1
113	-1	0	1	1	1	1	1	"Seed Sphere (Water)"			3	0	0	0	0	0	0	0	1200000	1  1  1  1  1  1  1
114	-1	0	1	1	1	1	1	"Seed Sphere (Ice)"			3	0	0	0	0	0	0	0	1200000	1  1  1  1  1  1  1
115	-1	0	1	1	1	1	1	"Seed Sphere (Wind)"			3	0	0	0	0	0	0	0	1200000	1  1  1  1  1  1  1
116	-1	0	1	1	1	1	1	"Seed Sphere (Lightning)"		3	0	0	0	0	0	0	0	1200000	1  1  1  1  1  1  1
117	-1	0	1	1	1	1	1	"Seed Sphere (Earth)"			3	0	0	0	0	0	0	0	1200000	1  1  1  1  1  1  1
130	7	0	2	2	1	1	0	"Small Cape of Lord"			1	15	200	1	0	0	0	0	0	0  0  0  0  1  0  0
131	7	0	3	2	1	1	0	"Small Wing of Curse"			1	10	200	1	0	0	0	0	0	0  0  0  0  0  1  0
132	7	0	3	2	1	1	0	"Small Wings of Elf"			1	10	200	1	0	0	0	0	0	0  0  1  0  0  0  0
133	7	0	3	2	1	1	0	"Small Wings of Heaven"			1	10	200	1	0	0	0	0	0	1  0  0  1  0  0  0
134	7	0	3	2	1	1	0	"Small Wings of Satan"			1	20	200	1	0	0	0	0	0	0  1  0  1  0  0  0
135	7	0	2	2	1	1	0	"Little Warrior's Cloak"		1	15	200	1	0	0	0	0	0	0  0  0  0  0  0  1
136	-1	0	1	1	1	1	0	"Jewel of Life Bundle"			72	0	0	0	0	0	0	0	0	1  1  1  1  1  1  1
137	-1	0	1	1	1	1	0	"Jewel of Creation Bundle"		78	0	0	0	0	0	0	0	0	1  1  1  1  1  1  1
138	-1	0	1	1	1	1	0	"Jewel of Guardian Bundle"		75	0	0	0	0	0	0	0	0	1  1  1  1  1  1  1
139	-1	0	1	1	1	1	0	"Gemstone Bundle"			25	0	0	0	0	0	0	0	0	1  1  1  1  1  1  1
140	-1	0	1	1	1	1	0	"Jewel of Harmony Bundle"		25	0	0	0	0	0	0	0	0	1  1  1  1  1  1  1
141	-1	0	1	1	1	1	0	"Jewel of Chaos Bundle"			12	0	0	0	0	0	0	0	0	1  1  1  1  1  1  1
142	-1	0	1	1	1	1	0	"Lower Refining Stone Bundle"		25	0	0	0	0	0	0	0	0	1  1  1  1  1  1  1
143	-1	0	1	1	1	1	0	"Higher Refining Stone Bundle"		25	0	0	0	0	0	0	0	0	1  1  1  1  1  1  1
144	-1	0	1	1	1	1	0	"Mithril Fragment"			1	0	1	0	0	0	0	0	0	1  1  1  1  1  1  1
145	-1	0	1	1	1	1	0	"Mithril"				1	0	0	0	0	0	0	0	1500000	1  1  1  1  1  1  1
146	-1	0	1	1	1	1	0	"Elixir Fragment"			1	0	1	0	0	0	0	0	0	1  1  1  1  1  1  1
147	-1	0	1	1	1	1	0	"Elixir"				1	0	0	0	0	0	0	0	1500000	1  1  1  1  1  1  1
148	-1	0	1	1	1	1	0	"Mithril Fragment Bunch"		1	0	0	0	0	0	0	0	1500000	1  1  1  1  1  1  1
149	-1	0	1	1	1	1	0	"Elixir Fragment Bunch"			1	0	0	0	0	0	0	0	1500000	1  1  1  1  1  1  1
150	-1	0	2	1	1	1	0	"Jewel Combination Frame"		1	0	0	0	0	0	0	0	3000000	1  1  1  1  1  1  1
151	-1	0	1	2	1	1	0	"Spirit Powder"				1	0	0	0	0	0	0	0	9000000	1  1  1  1  1  1  1
200	236	0	3	3	1	1	0	"Muren's Book of Magic"			100	30	5	30	45	0	0	0	0	1  1  1  1  1  1  1
201	236	0	3	3	1	1	0	"Scroll of Etramu"			200	50	5	50	70	0	0	0	0	1  1  1  1  1  1  1
202	236	0	3	3	1	1	0	"Lorencia Knights' Iron Shield"		300	231	5	96	129	0	0	0	0	1  1  1  1  1  1  1
203	236	0	3	3	1	1	0	"Iron Shield of the Magic"		300	231	5	96	129	0	0	0	0	1  1  1  1  1  1  1
204	236	0	3	3	1	1	0	"Hero Elixir"				300	184	5	134	180	0	0	0	0	1  1  1  1  1  1  1
205	236	0	3	3	1	1	0	"Brave Hero Elixir"			300	184	5	134	180	0	0	0	0	1  1  1  1  1  1  1
206	236	0	3	3	1	1	0	"Gladiator's Dagger"			300	132	5	168	227	0	0	0	0	1  1  1  1  1  1  1
207	236	0	3	3	1	1	0	"Merciless Gladiator's Dagger"		300	132	5	168	227	0	0	0	0	1  1  1  1  1  1  1
208	236	0	3	3	1	1	0	"Kundun's Madness Blade"		300	249	1	181	245	0	0	0	0	1  1  1  1  1  1  1
209	236	0	3	3	1	1	0	"Kundun's Magic Spell Scroll"		300	249	1	181	245	0	0	0	0	1  1  1  1  1  1  1
210	236	0	3	3	1	1	0	"Empire Guardians' Stronghold"		300	249	1	181	245	0	0	0	0	1  1  1  1  1  1  1
211	236	0	3	3	1	1	0	"Ancient Icarus Scroll"			300	249	1	181	245	0	0	0	0	1  1  1  1  1  1  1
212	236	0	3	3	1	1	0	"Arca's Prophecy"			300	288	1	209	284	0	0	0	0	1  1  1  1  1  1  1
213	236	0	3	3	1	1	0	"Antonia's Sword"			300	288	1	209	284	0	0	0	0	1  1  1  1  1  1  1
214	236	0	3	3	1	1	0	"Kundun's Seal Scroll"			300	288	1	209	284	0	0	0	0	1  1  1  1  1  1  1
221	-1	0	2	2	1	1	0	"Errtel of Anger"			110	0	0	0	0	0	0	0	0	1  1  1  1  1  1  1
231	-1	0	2	2	1	1	0	"Errtel of Blessing"			115	0	0	0	0	0	0	0	0	1  1  1  1  1  1  1
241	-1	0	2	2	1	1	0	"Errtel of Integrity"			120	0	0	0	0	0	0	0	0	1  1  1  1  1  1  1
251	-1	0	2	2	1	1	0	"Errtel of Divinity"			125	0	0	0	0	0	0	0	0	1  1  1  1  1  1  1
261	-1	0	2	2	1	1	0	"Errtel of Gale"			130	0	0	0	0	0	0	0	0	1  1  1  1  1  1  1
262	7	0	2	3	1	1	0	"Cloak of Death"			150	27	210	290	0	0	0	0	0	0  0  0  0  1  0  1
263	7	0	4	3	1	1	0	"Wings of Chaos"			150	46	210	290	0	0	0	0	0	0  2  0  1  0  0  0
264	7	0	4	3	1	1	0	"Wings of Magic"			150	37	210	290	0	0	0	0	0	2  0  0  1  0  2  0
265	7	0	4	3	1	1	0	"Wings of Life"				150	37	210	290	0	0	0	0	0	0  0  2  0  0  0  0
266	7	0	4	3	1	1	0	"Wings of Conqueror"			150	200	220	280	0	0	0	0	0	2  2  2  1  1  2  1
267	7	0	4	3	1	1	0	"Wings of Angel and Devil"		400	100	220	350	0	0	0	0	0	2  2  2  1  1  2  1
end

//Index	Slot	Skill	X	Y	Serial	Option	Drop	Name					level	Dur	Res1	Res2	Res3	Res4	Res5 Res6	Res7	SetA	C0 C1 C2 C3 C4 C5 C6
13
0	8	0	1	1	1	1	1	"Guardian Angel"			23	255	0	0	0	0	0	0	0	0	1  1  1  1  1  1  1
1	8	0	1	1	1	1	1	"Imp"					28	255	0	0	0	0	0	0	0	0	1  1  1  1  1  1  1
2	8	0	1	1	1	1	1	"Horn of Uniria"			25	255	0	0	0	0	0	0	0	0	1  1  1  1  1  1  1
3	8	49	1	1	1	1	1	"Horn of Dinorant"			110	255	0	0	0	0	0	0	0	0	1  1  1  1  1  1  1
4	8	62	1	1	1	1	0	"Dark Horse"				218	255	0	0	0	0	0	0	0	0	0  0  0  0  1  0  0
5	1	0	1	1	1	1	0	"Dark Raven"				0	255	0	0	0	0	0	0	0	0	1  1  1  1  1  0  0
7	-1	0	1	1	1	1	0	"Contract (Summon)"			0	255	0	0	0	0	0	0	0	0	1  1  1  1  1  1  1
8	10	0	1	1	1	1	1	"Ring of Ice"				20	50	1	0	0	0	0	0	0	2	1  1  1  1  1  1  1
9	10	0	1	1	1	1	1	"Ring of Poison"			17	50	0	1	0	0	0	0	0	4	1  1  1  1  1  1  1
10	10	0	1	1	1	1	1	"Transformation Ring"			0	200	0	0	0	0	0	0	0	0	1  1  1  1  1  1  1
11	-1	0	1	1	1	1	0	"Order (Guardian/Life Stone)"		0	255	0	0	0	0	0	0	0	0	1  1  1  1  1  1  1
12	9	0	1	1	1	1	1	"Pendant of Lighting"			21	50	0	0	1	0	0	0	0	3	1  1  1  1  1  1  1
13	9	0	1	1	1	1	1	"Pendant of Fire"			13	50	0	0	0	1	0	0	0	1	1  1  1  1  1  1  1
14	-1	0	1	2	1	1	1	"Loch's Feather"			78	0	0	0	0	0	0	0	0	0	1  1  1  1  1  1  1
15	-1	0	1	1	1	1	1	"Fruits"				0	0	0	0	0	0	0	0	0	0	1  1  1  1  1  1  1
16	-1	0	1	2	1	1	1	"Scroll of Archangel"			0	128	0	0	0	0	0	0	0	0	1  1  1  1  1  1  1
17	-1	0	1	2	1	1	1	"Blood Bone"				0	128	0	0	0	0	0	0	0	0	1  1  1  1  1  1  1
18	-1	0	2	2	1	1	1	"Invisibility Cloak"			0	255	0	0	0	0	0	0	0	0	1  1  1  1  1  1  1
19	-1	0	1	2	1	1	0	"Absolute Weapon of Archangel"		0	255	0	0	0	0	0	0	0	0	1  1  1  1  1  1  1
20	10	0	1	1	1	1	0	"Wizards Ring"				0	30	0	0	0	0	0	0	0	0	1  1  1  1  1  1  1
21	10	0	1	1	1	1	1	"Ring of Fire"				30	50	0	0	0	1	0	0	0	3	1  1  1  1  1  1  1
22	10	0	1	1	1	1	1	"Ring of Earth"				38	50	0	0	0	0	1	0	0	1	1  1  1  1  1  1  1
23	10	0	1	1	1	1	1	"Ring of Wind"				44	50	0	0	0	0	0	1	0	2	1  1  1  1  1  1  1
24	10	0	1	1	1	1	1	"Ring of Magic"				47	50	0	0	0	0	0	0	0	3	1  1  1  1  1  1  1
25	9	0	1	1	1	1	1	"Pendant of Ice"			34	50	1	0	0	0	0	0	0	1	1  1  1  1  1  1  1
26	9	0	1	1	1	1	1	"Pendant of Wind"			42	50	0	0	0	0	0	1	0	2	1  1  1  1  1  1  1
27	9	0	1	1	1	1	1	"Pendant of Water"			46	50	0	0	0	0	0	0	1	4	1  1  1  1  1  1  1
28	9	0	1	1	1	1	1	"Pendant of Ability"			50	50	0	0	0	0	0	0	0	0	1  1  1  1  1  1  1
29	-1	0	2	2	1	1	1	"Armor of Guardsman"			0	0	0	0	0	0	0	0	0	0	1  1  1  1  1  1  1
30	7	0	2	3	1	1	0	"Cape of Lord"				180	200	0	0	0	0	0	0	0	0	0  0  0  0  1  0  0
31	-1	0	1	1	1	1	1	"Spirit"				0	0	0	0	0	0	0	0	0	0	0  0  0  0  1  0  0
32	-1	0	1	1	1	1	1	"Splinter of Armor"			0	1	0	0	0	0	0	0	0	0	1  1  1  1  1  1  1
33	-1	0	1	1	1	1	1	"Bless of Guardian"			0	1	0	0	0	0	0	0	0	0	1  1  1  1  1  1  1
34	-1	0	1	1	1	1	1	"Claw of Beast"				0	1	0	0	0	0	0	0	0	0	1  1  1  1  1  1  1
35	-1	0	1	1	1	1	1	"Fragment of Horn"			0	1	0	0	0	0	0	0	0	0	1  1  1  1  1  1  1
36	-1	0	2	2	1	1	1	"Broken Horn"				0	1	0	0	0	0	0	0	0	0	1  1  1  1  1  1  1
37	8	0	2	2	1	1	1	"Horn of Fenrir"			300	255	0	0	0	0	0	0	0	0	2  2  2  1  1  2  1
38	10	0	1	1	1	1	1	"Moonstone Pendant"			21	120	0	0	0	0	0	0	0	3	1  1  1  1  1  1  1
39	10	0	1	1	1	1	1	"Eilte Transfer Skeleton Ring"		10	255	0	0	0	0	0	0	0	0	1  1  1  1  1  1  1
40	10	0	1	1	1	1	1	"Jack Olantern Ring"			10	100	0	0	0	0	0	0	0	0	1  1  1  1  1  1  1
41	10	0	1	1	1	1	1	"Transfer Christmas Ring"		1	100	0	0	0	0	0	0	0	0	1  1  1  1  1  1  1
42	10	0	1	1	1	1	0	"Ring of GM"				0	255	255	255	255	255	255	255	255	0	1  1  1  1  1  1  1
43	10	0	1	1	1	1	0	"Seal of Ascension"			0	0	0	0	0	0	0	0	0	0	1  1  1  1  1  1  1
44	10	0	1	1	1	1	0	"Seal of Wealth"			0	0	0	0	0	0	0	0	0	0	1  1  1  1  1  1  1
45	10	0	1	1	1	1	0	"Seal of Sustenance"			0	0	0	0	0	0	0	0	0	0	1  1  1  1  1  1  1
46	-1	0	1	1	1	1	0	"Devil Square Ticket"			0	10	0	0	0	0	0	0	0	0	1  1  1  1  1  1  1
47	-1	0	1	1	1	1	0	"Blood Castle Ticket"			0	10	0	0	0	0	0	0	0	0	1  1  1  1  1  1  1
48	-1	0	1	1	1	1	0	"Kalima Ticket"				0	10	0	0	0	0	0	0	0	0	1  1  1  1  1  1  1
49	-1	0	1	1	1	1	1	"Old Scroll"				0	0	0	0	0	0	0	0	0	0	1  1  1  1  1  1  1
50	-1	0	1	2	1	1	1	"Illusion Sorcerer Covenant "		0	0	0	0	0	0	0	0	0	0	1  1  1  1  1  1  1
51	-1	0	2	2	1	1	1	"Scroll of Blood"			0	1	0	0	0	0	0	0	0	0	1  1  1  1  1  1  1
52	-1	0	1	2	1	1	1	"Condor Flame"				0	0	0	0	0	0	0	0	0	0	1  1  1  1  1  1  1
53	-1	0	1	2	1	1	1	"Condor Feather"			0	0	0	0	0	0	0	0	0	0	1  1  1  1  1  1  1
54	-1	0	1	1	1	1	0	"Reset Fruit Strength"			0	10	0	0	0	0	0	0	0	0	1  1  1  1  1  1  1
55	-1	0	1	1	1	1	0	"Reset Fruit Quickness"			0	10	0	0	0	0	0	0	0	0	1  1  1  1  1  1  1
56	-1	0	1	1	1	1	0	"Reset Fruit Health"			0	10	0	0	0	0	0	0	0	0	1  1  1  1  1  1  1
57	-1	0	1	1	1	1	0	"Reset Fruit Energy"			0	10	0	0	0	0	0	0	0	0	1  1  1  1  1  1  1
58	-1	0	1	1	1	1	0	"Reset Fruit Control"			0	10	0	0	0	0	0	0	0	0	1  1  1  1  1  1  1
59	-1	0	1	1	1	1	0	"Seal of Mobility"			0	0	0	0	0	0	0	0	0	0	1  1  1  1  1  1  1
60	-1	0	1	2	1	1	1	"Indulgence"				0	0	0	0	0	0	0	0	0	0	1  1  1  1  1  1  1
61	-1	0	1	1	1	1	1	"Illusion Temple Ticket"		0	10	0	0	0	0	0	0	0	0	1  1  1  1  1  1  1
62	-1	0	1	1	1	1	0	"Seal of Healing"			0	0	0	0	0	0	0	0	0	0	1  1  1  1  1  1  1
63	-1	0	1	1	1	1	0	"Seal of Divinity"			0	0	0	0	0	0	0	0	0	0	1  1  1  1  1  1  1
64	8	0	1	1	1	1	0	"Demon"					1	255	0	0	0	0	0	0	0	0	1  1  1  1  1  1  1
65	8	0	1	1	1	1	0	"Spirit of Guardian"			1	255	0	0	0	0	0	0	0	0	1  1  1  1  1  1  1
66	-1	0	1	1	1	1	0	"Invitation to Santa Village"		0	10	0	0	0	0	0	0	0	0	1  1  1  1  1  1  1
67	8	0	1	1	1	1	0	"Pet Rudolf"				28	255	0	0	0	0	0	0	0	0	1  1  1  1  1  1  1
68	10	0	1	1	1	1	0	"Snowman Transformation Ring"		10	100	0	0	0	0	0	0	0	0	1  1  1  1  1  1  1
69	-1	0	1	1	1	1	0	"Talisman of Resurrection"		0	0	0	0	0	0	0	0	0	0	1  1  1  1  1  1  1
70	-1	0	1	1	1	1	0	"Talisman of Mobility"			0	2	0	0	0	0	0	0	0	0	1  1  1  1  1  1  1
71	8	0	2	3	1	1	0	"Sword/Mace/Spear"			0	255	0	0	0	0	0	0	0	0	1  1  1  1  1  1  1
72	8	0	2	3	1	1	0	"Staff"					0	255	0	0	0	0	0	0	0	0	1  1  1  1  1  1  1
73	8	0	2	3	1	1	0	"Bow/Crossbow"				0	255	0	0	0	0	0	0	0	0	1  1  1  1  1  1  1
74	8	0	2	3	1	1	0	"Scepter"				0	255	0	0	0	0	0	0	0	0	1  1  1  1  1  1  1
75	8	0	2	3	1	1	0	"Stick"					0	255	0	0	0	0	0	0	0	0	1  1  1  1  1  1  1
76	10	0	1	1	1	1	0	"Panda Ring"				1	255	0	0	0	0	0	0	0	0	1  1  1  1  1  1  1
77	10	0	1	1	1	1	0	"Brown Panda Ring"			1	255	0	0	0	0	0	0	0	0	1  1  1  1  1  1  1
78	10	0	1	1	1	1	0	"Pink Panda Ring"			1	255	0	0	0	0	0	0	0	0	1  1  1  1  1  1  1
80	8	0	1	1	1	1	0	"Pet Panda"				1	255	0	0	0	0	0	0	0	0	1  1  1  1  1  1  1
81	-1	0	1	1	1	1	0	"Talisman of Guardian"			0	0	0	0	0	0	0	0	0	0	1  1  1  1  1  1  1
82	-1	0	1	1	1	1	0	"Talisman of Item Protection"		0	0	0	0	0	0	0	0	0	0	1  1  1  1  1  1  1
83	-1	0	1	1	1	1	0	"Talisman of Wings of Satan"		0	0	0	0	0	0	0	0	0	0	1  1  1  1  1  1  1
84	-1	0	1	1	1	1	0	"Talisman of Wings of Heaven"		0	0	0	0	0	0	0	0	0	0	1  1  1  1  1  1  1
85	-1	0	1	1	1	1	0	"Talisman of Wings of Elf"		0	0	0	0	0	0	0	0	0	0	1  1  1  1  1  1  1
86	-1	0	1	1	1	1	0	"Talisman of Wing of Curse"		0	0	0	0	0	0	0	0	0	0	1  1  1  1  1  1  1
87	-1	0	1	1	1	1	0	"Talisman of Cape of Emperor"		0	0	0	0	0	0	0	0	0	0	1  1  1  1  1  1  1
88	-1	0	1	1	1	1	0	"Talisman of Wings of Dragon"		0	0	0	0	0	0	0	0	0	0	1  1  1  1  1  1  1
89	-1	0	1	1	1	1	0	"Talisman of Wings of Soul"		0	0	0	0	0	0	0	0	0	0	1  1  1  1  1  1  1
90	-1	0	1	1	1	1	0	"Talisman of Wings of Spirits"		0	0	0	0	0	0	0	0	0	0	1  1  1  1  1  1  1
91	-1	0	1	1	1	1	0	"Talisman of Wing of Despair"		0	0	0	0	0	0	0	0	0	0	1  1  1  1  1  1  1
92	-1	0	1	1	1	1	0	"Talisman of Wings of Darkness"		0	0	0	0	0	0	0	0	0	0	1  1  1  1  1  1  1
93	-1	0	1	1	1	1	0	"Master Seal of Ascension"		0	0	0	0	0	0	0	0	0	0	1  1  1  1  1  1  1
94	-1	0	1	1	1	1	0	"Master Seal of Wealth"			0	0	0	0	0	0	0	0	0	0	1  1  1  1  1  1  1
95	-1	0	1	1	1	1	0	"Gladiator's Honor"			0	255	0	0	0	0	0	0	0	0	1  1  1  1  1  1  1
96	-1	0	1	1	1	1	0	"Seal of Strength"			0	0	0	0	0	0	0	0	0	0	1  1  1  1  1  1  1
103	-1	0	1	1	1	1	0	"Party EXP Scroll"			0	0	0	0	0	0	0	0	0	0	1  1  1  1  1  1  1
104	-1	0	1	1	1	1	0	"Max AG Boost Aura"			0	0	0	0	0	0	0	0	0	0	1  1  1  1  1  1  1
105	-1	0	1	1	1	1	0	"Max SD Boost Aura"			0	0	0	0	0	0	0	0	0	0	1  1  1  1  1  1  1
106	8	0	1	1	1	1	0	"Pet Unicorn"				28	255	0	0	0	0	0	0	0	0	1  1  1  1  1  1  1
107	10	0	1	1	1	1	0	"Lethal Wizard's Ring"			0	100	0	0	0	0	0	0	0	0	1  1  1  1  1  1  1
109	10	0	1	1	1	1	0	"Sapphire Ring"				0	0	0	0	0	0	0	0	0	0	1  1  1  1  1  1  1
110	10	0	1	1	1	1	0	"Ruby Ring"				0	0	0	0	0	0	0	0	0	0	1  1  1  1  1  1  1
111	10	0	1	1	1	1	0	"Topaz Ring"				0	0	0	0	0	0	0	0	0	0	1  1  1  1  1  1  1
112	10	0	1	1	1	1	0	"Amethyst Ring"				0	0	0	0	0	0	0	0	0	0	1  1  1  1  1  1  1
113	9	0	1	1	1	1	0	"Ruby Necklace"				0	0	0	0	0	0	0	0	0	0	1  1  1  1  1  1  1
114	9	0	1	1	1	1	0	"Emerald Necklace"			0	0	0	0	0	0	0	0	0	0	1  1  1  1  1  1  1
115	9	0	1	1	1	1	0	"Sapphire Necklace"			0	0	0	0	0	0	0	0	0	0	1  1  1  1  1  1  1
116	10	0	1	1	1	1	0	"Seal of Wealth"			0	0	0	0	0	0	0	0	0	0	1  1  1  1  1  1  1
117	-1	0	1	1	1	1	0	"Minimum Vitality Potion"		0	0	0	0	0	0	0	0	0	0	1  1  1  1  1  1  1
118	-1	0	1	1	1	1	0	"Low Vitality Potion"			0	0	0	0	0	0	0	0	0	0	1  1  1  1  1  1  1
119	-1	0	1	1	1	1	0	"Medium Vitality Potion"		0	0	0	0	0	0	0	0	0	0	1  1  1  1  1  1  1
120	-1	0	1	1	1	1	0	"High Vitality Potion"			0	0	0	0	0	0	0	0	0	0	1  1  1  1  1  1  1
121	-1	0	1	1	1	1	0	"Access Ticket to Chaos Castle"		0	10	0	0	0	0	0	0	0	0	1  1  1  1  1  1  1
122	10	0	1	1	1	1	0	"Skeleton Transformation Ring"		1	255	0	0	0	0	0	0	0	0	1  1  1  1  1  1  1
123	8	0	1	1	1	1	0	"Pet Skeleton"				1	255	0	0	0	0	0	0	0	0	1  1  1  1  1  1  1
124	-1	0	1	1	1	1	0	"Paid Channel Access Ticket"		0	0	0	0	0	0	0	0	0	0	1  1  1  1  1  1  1
125	-1	0	1	1	1	1	0	"Doppelganger"				0	10	0	0	0	0	0	0	0	0	1  1  1  1  1  1  1
126	-1	0	1	1	1	1	0	"Access Ticket to Varka"		0	10	0	0	0	0	0	0	0	0	1  1  1  1  1  1  1
127	-1	0	1	1	1	1	0	"Access Ticket to Varka Map 7"		0	3	0	0	0	0	0	0	0	0	1  1  1  1  1  1  1
128	-1	0	1	1	1	1	0	"Hawk Figurine"				0	255	0	0	0	0	0	0	0	0	1  1  1  1  1  1  1
129	-1	0	1	1	1	1	0	"Goat Figurine"				0	255	0	0	0	0	0	0	0	0	1  1  1  1  1  1  1
130	-1	0	1	1	1	1	0	"Oak Charm"				0	255	0	0	0	0	0	0	0	0	1  1  1  1  1  1  1
131	-1	0	1	1	1	1	0	"Maple Charm"				0	255	0	0	0	0	0	0	0	0	1  1  1  1  1  1  1
132	-1	0	1	2	1	1	0	"Golden Oak Charm"			0	255	0	0	0	0	0	0	0	0	1  1  1  1  1  1  1
133	-1	0	1	2	1	1	0	"Golden Maple Charm"			0	255	0	0	0	0	0	0	0	0	1  1  1  1  1  1  1
134	-1	0	1	1	1	1	0	"Worn Horseshoe"			0	255	0	0	0	0	0	0	0	0	1  1  1  1  1  1  1
135	-1	0	1	1	1	1	0	"1st Lucky Armor Ticket"		0	255	0	0	0	0	0	0	0	0	1  1  1  1  1  1  1
136	-1	0	1	1	1	1	0	"1st Lucky Pants Ticket"		0	255	0	0	0	0	0	0	0	0	1  1  1  1  1  1  1
137	-1	0	1	1	1	1	0	"1st Lucky Helm Ticket"			0	255	0	0	0	0	0	0	0	0	1  1  1  1  1  1  1
138	-1	0	1	1	1	1	0	"1st Lucky Gloves Ticket"		0	255	0	0	0	0	0	0	0	0	1  1  1  1  1  1  1
139	-1	0	1	1	1	1	0	"1st Lucky Boots Ticket"		0	255	0	0	0	0	0	0	0	0	1  1  1  1  1  1  1
140	-1	0	1	1	1	1	0	"2nd Lucky Armor Ticket"		0	255	0	0	0	0	0	0	0	0	1  1  1  1  1  1  1
141	-1	0	1	1	1	1	0	"2nd Lucky Pants Ticket"		0	255	0	0	0	0	0	0	0	0	1  1  1  1  1  1  1
142	-1	0	1	1	1	1	0	"2nd Lucky Helm Ticket"			0	255	0	0	0	0	0	0	0	0	1  1  1  1  1  1  1
143	-1	0	1	1	1	1	0	"2nd Lucky Gloves Ticket"		0	255	0	0	0	0	0	0	0	0	1  1  1  1  1  1  1
144	-1	0	1	1	1	1	0	"2nd Lucky Boots Ticket"		0	255	0	0	0	0	0	0	0	0	1  1  1  1  1  1  1
145	-1	0	1	1	1	1	1	"Spirit Map Fragment"			0	1	0	0	0	0	0	0	0	0	1  1  1  1  1  1  1
146	-1	0	1	1	1	1	0	"Spirit Map"				0	255	0	0	0	0	0	0	0	0	1  1  1  1  1  1  1
147	-1	0	1	1	1	1	0	"Trophies of Battle"			0	1	0	0	0	0	0	0	0	0	1  1  1  1  1  1  1
148	-1	0	1	2	1	1	0	"Green Ink"				0	0	0	0	0	0	0	0	0	0	1  1  1  1  1  1  1
149	-1	0	1	2	1	1	0	"Blue Ink"				0	0	0	0	0	0	0	0	0	0	1  1  1  1  1  1  1
150	-1	0	1	2	1	1	0	"Red Ink"				0	0	0	0	0	0	0	0	0	0	1  1  1  1  1  1  1
151	-1	0	1	2	1	1	0	"Parchment of Soul"			0	0	0	0	0	0	0	0	0	0	1  1  1  1  1  1  1
152	-1	0	2	2	1	1	0	"Scroll of Green Oblivion"		0	0	0	0	0	0	0	0	0	0	1  1  1  1  1  1  1
153	-1	0	2	2	1	1	0	"Scroll of Blue Oblivion"		0	0	0	0	0	0	0	0	0	0	1  1  1  1  1  1  1
154	-1	0	2	2	1	1	0	"Scroll of Red Oblivion"		0	0	0	0	0	0	0	0	0	0	1  1  1  1  1  1  1
155	-1	0	2	2	1	1	0	"Scroll of Gray Oblivion"		0	0	0	0	0	0	0	0	0	0	1  1  1  1  1  1  1
156	-1	0	2	2	1	1	0	"Sealed Green Oblivion Scroll"		0	0	0	0	0	0	0	0	0	0	1  1  1  1  1  1  1
157	-1	0	2	2	1	1	0	"Sealed Blue Oblivion Scroll"		0	0	0	0	0	0	0	0	0	0	1  1  1  1  1  1  1
158	-1	0	2	2	1	1	0	"Sealed Red Oblivion  Scroll"		0	0	0	0	0	0	0	0	0	0	1  1  1  1  1  1  1
159	-1	0	2	2	1	1	0	"Sealed Gray Oblivion Scroll"		0	0	0	0	0	0	0	0	0	0	1  1  1  1  1  1  1
160	-1	0	1	1	1	1	0	"Protection Talisman"			0	0	0	0	0	0	0	0	0	0	1  1  1  1  1  1  1
161	-1	0	1	1	1	1	0	"Cooperation Talisman"			0	0	0	0	0	0	0	0	0	0	1  1  1  1  1  1  1
163	10	0	1	1	1	1	0	"Robot Knight Ring"			1	255	0	0	0	0	0	0	0	0	1  1  1  1  1  1  1
164	10	0	1	1	1	1	0	"Mini Robot Ring"			1	255	0	0	0	0	0	0	0	0	1  1  1  1  1  1  1
165	10	0	1	1	1	1	0	"Great Heavenly Mage Ring"		1	255	0	0	0	0	0	0	0	0	1  1  1  1  1  1  1
166	10	0	1	1	1	1	0	"Brown Panda Ring"			1	255	0	0	0	0	0	0	0	0	1  1  1  1  1  1  1
169	10	0	1	1	1	1	0	"Decoration Ring"			0	30	0	0	0	0	0	0	0	0	1  1  1  1  1  1  1
170	10	0	1	1	1	1	0	"Blessed Decoration Ring"		0	255	0	0	0	0	0	0	0	0	1  1  1  1  1  1  1
end

//Index	Slot	Skill	X	Y	Serial	Option	Drop	Name					Value	Level
14
0	-1	0	1	1	1	1	1	"Apple"					5	1
1	-1	0	1	1	1	1	1	"Small Healing Potion"			10	10
2	-1	0	1	1	1	1	1	"Healing Potion"			20	25
3	-1	0	1	1	1	1	1	"Large Healing Potion"			30	40
4	-1	0	1	1	1	1	1	"Small Mana Potion"			10	10
5	-1	0	1	1	1	1	1	"Mana Potion"				20	25
6	-1	0	1	1	1	1	1	"Large Mana Potion"			30	40
7	-1	0	1	1	1	1	1	"Siege Potion"				30	0
8	-1	0	1	1	1	1	1	"Antidote"				10	10
9	-1	0	1	2	1	1	1	"Ale"					30	15
10	-1	0	1	2	1	1	1	"Town Portal Scroll"			30	30
11	-1	0	1	1	1	1	1	"Box of Luck"				0	0
12	-1	0	1	1	1	1	1	"Heart"					0	0
13	-1	0	1	1	1	1	0	"Jewel of Bless"			150	25
14	-1	0	1	1	1	1	0	"Jewel of Soul"				150	30
15	-1	0	1	1	1	1	1	"Zen"					0	0
16	-1	0	1	1	1	1	0	"Jewel of Life"				0	72
17	-1	0	1	1	1	1	1	"Devil's Eye"				0	1
18	-1	0	1	1	1	1	1	"Devil's Key"				0	1
19	-1	0	1	1	1	1	1	"Devil's Invitation"			0	0
20	-1	0	1	1	1	1	1	"Remedy of Love"			0	0
21	-1	0	1	1	1	1	1	"Rena"					0	0
22	-1	0	1	1	1	1	0	"Jewel of Creation"			0	78
23	-1	0	1	1	1	1	1	"Scroll of the Emperor"			0	0
24	-1	0	1	2	1	1	1	"Broken Sword"				0	0
25	-1	0	1	1	1	1	1	"Tear of Elf"				0	0
26	-1	0	1	1	1	1	1	"Soul Shard of Wizard"			0	0
28	-1	0	1	1	1	1	0	"Lost Map"				0	0
29	-1	0	1	1	1	1	1	"Symbol of Kundun"			0	0
31	-1	0	1	1	1	1	1	"Jewel of Guardian"			75	0
32	-1	0	1	1	1	1	1	"Pink Chocolate Box"			0	0
33	-1	0	1	1	1	1	1	"Red Chocolate Box"			0	0
34	-1	0	1	1	1	1	1	"Blue Chocolate Box"			0	0
35	-1	0	1	1	1	1	0	"Small SD Potion"			50	0
36	-1	0	1	1	1	1	0	"SD Potion"				80	0
37	-1	0	1	1	1	1	0	"Large SD Potion"			100	0
38	-1	0	1	1	1	1	1	"Small Complex Potion"			20	68
39	-1	0	1	1	1	1	1	"Complex Potion"			40	96
40	-1	0	1	1	1	1	1	"Large Complex Potion"			60	118
41	-1	0	1	1	1	1	1	"Gemstone"				150	25
42	-1	0	1	1	1	1	0	"Jewel of Harmony"			150	25
43	-1	0	1	1	1	1	0	"Lower refining stone"			150	25
44	-1	0	1	1	1	1	0	"Higher refining stone"			150	25
45	-1	0	1	1	1	1	1	"Pumpkin of Luck"			0	1
46	-1	0	1	2	1	1	0	"Jack O'Lantern Blessings"		0	0
47	-1	0	1	2	1	1	0	"Jack O'Lantern Wrath"			0	0
48	-1	0	1	2	1	1	0	"Jack O'Lantern Cry"			0	0
49	-1	0	1	1	1	1	0	"Jack O'Lantern Food"			0	0
50	-1	0	1	1	1	1	0	"Jack O'Lantern Drink"			0	0
51	-1	0	1	1	1	1	0	"Chistmas Star"				0	0
52	-1	0	1	1	1	1	0	"GM Gift"				0	0
53	-1	0	1	1	1	1	0	"Talisman of Luck"			0	0
54	-1	0	1	1	1	1	0	"Chaos Card"				0	0
55	-1	0	1	1	1	1	0	"Green Chaos Box"			0	0
56	-1	0	1	1	1	1	0	"Red Chaos Box"				0	0
57	-1	0	1	1	1	1	0	"Purple Chaos Box"			0	0
58	-1	0	1	1	1	1	0	"Rare Item Ticket1"			0	0
59	-1	0	1	1	1	1	0	"Rare Item Ticket2"			0	0
60	-1	0	1	1	1	1	0	"Rare Item Ticket3"			0	0
61	-1	0	1	1	1	1	0	"Rare Item Ticket4"			0	0
62	-1	0	1	1	1	1	0	"Rare Item Ticket5"			0	0
63	-1	0	1	1	1	1	1	"Firecracker"				0	0
64	-1	0	1	1	1	1	0	"Cursed Castle Water"			0	0
65	-1	0	1	1	1	1	0	"Death-beam Knight Flame"		0	0
66	-1	0	1	2	1	1	0	"Hell-Miner Horn"			0	0
67	-1	0	1	2	1	1	0	"Dark Phoenix Feather"			0	0
68	-1	0	1	2	1	1	0	"Abyssal Eye"				0	0
70	-1	0	1	1	1	1	0	"Elite Healing Potion"			0	0
71	-1	0	1	1	1	1	0	"Elite Mana Potion"			0	0
72	-1	0	2	2	1	1	0	"Scroll of Quickness"			0	0
73	-1	0	2	2	1	1	0	"Scroll of Defense"			0	0
74	-1	0	2	2	1	1	0	"Scroll of Wrath"			0	0
75	-1	0	2	2	1	1	0	"Scroll of Wizardry"			0	0
76	-1	0	2	2	1	1	0	"Scroll of Health"			0	0
77	-1	0	2	2	1	1	0	"Scroll of Mana"			0	0
78	-1	0	1	2	1	1	0	"Elixir of Strength"			0	0
79	-1	0	1	2	1	1	0	"Elixir of Agility"			0	0
80	-1	0	1	2	1	1	0	"Elixir of Health"			0	0
81	-1	0	1	2	1	1	0	"Elixir of Energy"			0	0
82	-1	0	1	2	1	1	0	"Elixir of Control"			0	0
83	-1	0	1	1	1	1	0	"Rare Item Ticket"			0	0
84	-1	0	1	1	1	1	1	"Cherry Blossom Play-Box"		0	0
85	-1	0	1	2	1	1	0	"Cherry Blossom Wine"			0	0
86	-1	0	1	1	1	1	0	"Cherry Blossom Rice Cake"		0	0
87	-1	0	1	1	1	1	0	"Cherry Blossom Flower Petal"		0	0
88	-1	0	1	2	1	1	0	"White Cherry Blossom Branch"		0	0
89	-1	0	1	2	1	1	0	"Red Cherry Blossom Branch"		0	0
90	-1	0	1	2	1	1	0	"Golden Cherry Blossom Branch"		0	0
91	-1	0	1	1	1	1	0	"Summoner Character Card"		0	0
92	-1	0	1	1	1	1	0	"Chaos Card Gold"			0	0
93	-1	0	1	1	1	1	0	"Chaos Card Rare"			0	0
94	-1	0	1	1	1	1	0	"Medium Elite Healing Potion"		0	0
95	-1	0	1	1	1	1	0	"Chaos Card  Mini"			0	0
96	-1	0	1	1	1	1	0	"Talisman of Chaos Assembly"		0	0
97	-1	0	2	2	1	1	0	"Scroll of Battle"			0	0
98	-1	0	2	2	1	1	0	"Scroll of Strength"			0	0
99	-1	0	1	1	1	1	0	"Christmas Firecracker"			0	0
100	-1	0	1	1	1	1	0	"Lucky Coin"				0	0
101	-1	0	1	1	1	1	1	"Suspicious Scrap of Paper"		0	32
102	-1	0	1	1	1	1	0	"Gaions Order"			0	0
103	-1	0	1	1	1	1	1	"First Secromicon Fragment"		0	0
104	-1	0	1	1	1	1	1	"Second Secromicon Fragment"		0	0
105	-1	0	1	1	1	1	1	"Third Secromicon Fragment"		0	0
106	-1	0	1	1	1	1	1	"Fourth Secromicon Fragment"		0	0
107	-1	0	1	1	1	1	1	"Fifth Secromicon Fragment"		0	0
108	-1	0	1	1	1	1	1	"Sixth Secromicon Fragment"		0	0
109	-1	0	1	1	1	1	0	"Complete Secromicon"			0	0
110	-1	0	1	1	1	1	1	"Sign of Dimensions"			0	32
111	-1	0	1	1	1	1	0	"Mirror of Dimensions"			0	0
112	-1	0	1	1	1	1	0	"Silver Key"				0	0
113	-1	0	1	1	1	1	0	"Gold Key"				0	0
114	-1	0	1	1	1	1	0	"Master Skill Reset"			0	0
115	-1	0	1	1	1	1	0	"Stat Adjustment"			0	0
116	-1	0	1	1	1	1	0	"Character Relocation Service"		0	0
117	-1	0	1	1	1	1	0	"Character Rename Service"		0	0
118	-1	0	1	1	1	1	0	"Server Relocation Service"		0	0
119	-1	0	1	1	1	1	0	"Premium Package"			0	0
120	-1	0	1	1	1	1	0	"Goblin Gold Coin"			0	0
121	-1	0	1	1	1	1	0	"Sealed Golden Box"			0	0
122	-1	0	1	1	1	1	0	"Sealed Silver Box"			0	0
123	-1	0	1	1	1	1	0	"Golden Box"				0	0
124	-1	0	1	1	1	1	0	"Silver Box"				0	0
125	-1	0	1	1	1	1	0	"Package Box"				0	0
126	-1	0	1	1	1	1	0	"30-Day Pass"				0	0
127	-1	0	1	1	1	1	0	"90-Day Pass"				0	0
128	-1	0	1	1	1	1	0	"30-Day Pass - Points"			0	0
129	-1	0	1	1	1	1	0	"90-Day Pass - Points"			0	0
130	-1	0	1	1	1	1	0	"3-Hour Pass"				0	0
131	-1	0	1	1	1	1	0	"5-Hour Pass"				0	0
132	-1	0	1	1	1	1	0	"10-Hour Pass"				0	0
133	-1	0	1	1	1	1	0	"Elite SD Potion"			0	0
134	-1	0	1	1	1	1	0	"Package Box A"				0	0
135	-1	0	1	1	1	1	0	"Package Box B"				0	0
136	-1	0	1	1	1	1	0	"Package Box C"				0	0
137	-1	0	1	1	1	1	0	"Package Box D"				0	0
138	-1	0	1	1	1	1	0	"Package Box E"				0	0
139	-1	0	1	1	1	1	0	"Package Box F"				0	0
140	-1	0	2	2	1	1	0	"Scroll of Healing"			0	0
141	-1	0	1	1	1	1	0	"Shining Jewelry Case"			0	0
142	-1	0	1	1	1	1	0	"Elegant Jewelry Case"			0	0
143	-1	0	1	1	1	1	0	"Steel Jewelry Case"			0	0
144	-1	0	1	1	1	1	0	"Old Jewelry Case"			0	0
145	-1	0	1	1	1	1	0	"Rare Item Ticket 7"			0	0
146	-1	0	1	1	1	1	0	"Rare Item Ticket 8"			0	0
147	-1	0	1	1	1	1	0	"Rare Item Ticket 9"			0	0
148	-1	0	1	1	1	1	0	"Rare Item Ticket 10"			0	0
149	-1	0	1	1	1	1	0	"Rare Item Ticket 11"			0	0
150	-1	0	1	1	1	1	0	"Rare Item Ticket 12"			0	0
151	-1	0	1	2	1	1	0	"Lv. 1 Letter of Request"		0	0
152	-1	0	1	2	1	1	0	"Lv. 1 Completion Certificate"		0	0
153	-1	0	1	1	1	1	0	"Stardust"				60	0
154	-1	0	1	1	1	1	1	"Kalt Stone"				60	0
155	-1	0	2	2	1	1	1	"Tantalos's Armor"			60	0
156	-1	0	1	3	1	1	1	"Burnt Murderer's Club"			60	0
157	-1	0	1	1	1	1	0	"Green Box"				190	0
158	-1	0	1	1	1	1	0	"Red Box"				190	0
159	-1	0	1	1	1	1	0	"Purple Box"				190	0
160	-1	0	1	1	1	1	0	"Jewel of Extension"			0	0
161	-1	0	1	1	1	1	0	"Jewel of Elevation"			0	0
162	-1	0	1	1	1	1	0	"Magic Backpack"			0	0
163	-1	0	1	1	1	1	0	"Vault Expansion Certificate"		0	0
169	-1	0	1	1	1	1	0	"RageFighter Character Card"		0	0
170	-1	0	1	2	1	1	0	"Lv. 2 letter of Request"		0	0
171	-1	0	1	2	1	1	0	"Lv. 2 Completion Certificate"		0	0
176	-1	0	1	1	1	1	1	"Death King's Bone"			0	0
177	-1	0	1	1	1	1	1	"Hell Maine's Leather"			0	0
178	-1	0	1	1	1	1	1	"Dark Phoenix Flame"			0	0
179	-1	0	1	1	1	1	1	"Death Beam Knight Soul"		0	0
180	-1	0	1	1	1	1	1	"Ice Walker's Mane"			0	0
181	-1	0	1	1	1	1	1	"Mammoth's Bundle of Fur"		0	0
182	-1	0	1	2	1	1	1	"Giant's Icicle"			0	0
183	-1	0	1	1	1	1	1	"Coolutin's Poison"			0	0
184	-1	0	1	1	1	1	1	"Iron Knight's Heart"			0	0
185	-1	0	1	1	1	1	1	"Dark Mammoth's Horn"			0	0
186	-1	0	1	2	1	1	1	"Dark Giant's Axe"			0	0
187	-1	0	1	1	1	1	1	"Dark Coolutin's Blood"			0	0
188	-1	0	1	4	1	1	1	"Dark Iron Knight's Sword"		0	0
189	-1	0	1	1	1	1	0	"Elemental Talisman of Luck"		0	10
190	-1	0	1	1	1	1	0	"Elemental Talisman of Chaos"		0	0
191	-1	0	1	1	1	1	1	"Sonic Combination Note"		0	0
192	-1	0	1	1	1	1	1	"Cyclone Combination Note"		0	0
193	-1	0	1	1	1	1	1	"Blast Combination Note"		0	0
194	-1	0	1	1	1	1	1	"Magma Combination Note"		0	0
195	-1	0	1	1	1	1	1	"Horn Combination Note"			0	0
196	-1	0	1	1	1	1	1	"Angelic Combination Note"		0	0
197	-1	0	1	1	1	1	1	"Devil Cross Combination Note"		0	0
198	-1	0	1	1	1	1	1	"Miracle Combination Note"		0	0
199	-1	0	1	1	1	1	1	"Spite Combination Note"		0	0
200	-1	0	1	1	1	1	1	"Asura Combination Note"		0	0
201	-1	0	1	1	1	1	1	"Thunder Combination Note"		0	0
202	-1	0	1	1	1	1	1	"Soul Combination Note"			0	0
209	-1	0	1	1	1	1	0	"Tradeable Seal"			0	0
210	-1	0	1	1	1	1	1	"Summon Scroll (Lv1)"			0	32
211	-1	0	1	1	1	1	1	"Summon Scroll (Lv2)"			0	32
212	-1	0	1	1	1	1	1	"Summon Scroll (Lv3)"			0	32
213	-1	0	1	1	1	1	1	"Summon Scroll (Lv4)"			0	32
end

//Index	Slot	Skill	X	Y	Serial	Option	Drop	Name					level	ReqLvl	ReqEne	Money	C0 C1 C2 C3 C4 C5 C6
15
0	-1	0	1	2	1	1	1	"Scroll of Poison"			30	0	100	17000	1  0  0  1  0  0  0
1	-1	0	1	2	1	1	1	"Scroll of Meteorite"			21	0	100	11000	1  0  0  1  0  1  0
2	-1	0	1	2	1	1	1	"Scroll of Lighting"			13	0	100	3000	1  0  0  1  0  0  0
3	-1	0	1	2	1	1	1	"Scroll of Fire Ball"			5	0	100	300	1  0  0  1  0  1  0
4	-1	0	1	2	1	1	1	"Scroll of Flame"			35	0	100	21000	1  0  0  1  0  0  0
5	-1	0	1	2	1	1	1	"Scroll of Teleport"			17	0	100	5000	1  0  0  0  0  0  0
6	-1	0	1	2	1	1	1	"Scroll of Ice"				25	0	100	14000	1  0  0  1  0  1  0
7	-1	0	1	2	1	1	1	"Scroll of Twister"			40	0	100	25000	1  0  0  1  0  0  0
8	-1	0	1	2	1	1	1	"Scroll of Evil Spirit"			50	0	100	35000	1  0  0  1  0  0  0
9	-1	0	1	2	1	1	1	"Scroll of Hellfire"			60	0	100	60000	1  0  0  1  0  0  0
10	-1	0	1	2	1	1	1	"Scroll of Power Wave"			9	0	100	1150	1  0  0  1  0  1  0
11	-1	0	1	2	1	1	1	"Scroll of Aqua Beam"			74	0	110	100000	1  0  0  1  0  0  0
12	-1	0	1	2	1	1	1	"Scroll of Cometfall"			80	0	150	175000	1  0  0  1  0  0  0
13	-1	0	1	2	1	1	1	"Scroll of Inferno"			88	0	200	265000	1  0  0  1  0  0  0
14	-1	0	1	2	1	1	1	"Scroll of Teleport Ally"		83	0	188	245000	2  0  0  0  0  0  0
15	-1	0	1	2	1	1	1	"Scroll of Soul Barrier"		77	0	126	135000	1  0  0  0  0  0  0
16	-1	0	1	2	1	1	1	"Scroll of Decay"			96	0	243	345000	2  0  0  0  0  0  0
17	-1	0	1	2	1	1	1	"Scroll of Ice Storm"			93	0	223	315000	2  0  0  0  0  0  0
18	-1	0	1	2	1	1	1	"Scroll of Nova"			100	0	258	410000	2  0  0  0  0  0  0
19	-1	0	1	2	1	1	1	"Chain Lightning Parchment"		75	0	75	175000	0  0  0  0  0  1  0
20	-1	0	1	2	1	1	1	"Drain Life Parchment"			35	0	93	100000	0  0  0  0  0  1  0
21	-1	0	1	2	1	1	1	"Lightning Shock Parchment"		93	0	216	315000	0  0  0  0  0  1  0
22	-1	0	1	2	1	1	1	"Damage Reflection Parchment"		80	0	111	245000	0  0  0  0  0  1  0
23	-1	0	1	2	1	1	1	"Berserker Parchment"			83	0	181	265000	0  0  0  0  0  1  0
24	-1	0	1	2	1	1	1	"Sleep Parchment"			40	0	100	135000	0  0  0  0  0  1  0
26	-1	0	1	2	1	1	1	"Weakness Parchment"			93	0	173	410000	0  0  0  0  0  2  0
27	-1	0	1	2	1	1	1	"Innovation Parchment"			111	0	201	450000	0  0  0  0  0  2  0
28	-1	0	1	2	1	1	1	"Scroll of Wizardry Enhance"		100	220	118	425000	2  0  0  0  0  0  0
29	-1	0	1	2	1	1	1	"Scroll of Gigantic Storm"		100	220	118	380000	0  0  0  1  0  0  0
30	-1	0	1	2	1	1	1	"Chain Drive Parchment"			70	150	0	100000	0  0  0  0  0  0  1
31	-1	0	1	2	1	1	1	"Dark Side Parchment"			80	180	0	175000	0  0  0  0  0  0  1
32	-1	0	1	2	1	1	1	"Dragon Roar Parchment"			70	150	0	100000	0  0  0  0  0  0  1
33	-1	0	1	2	1	1	1	"Dragon Slasher Parchment"		90	200	0	265000	0  0  0  0  0  0  1
34	-1	0	1	2	1	1	1	"Ignore Defense Parchment"		80	120	80	175000	0  0  0  0  0  0  1
35	-1	0	1	2	1	1	1	"Increase Health Parchment"		50	80	35	35000	0  0  0  0  0  0  1
36	-1	0	1	2	1	1	1	"Increase Block Parchment"		40	50	30	25000	0  0  0  0  0  0  1
end

